t # 0 U 1
v 0 0
v 1 1
v 2 2
v 3 3
v 4 4
v 5 3
v 6 5
v 7 6
v 8 4
v 9 7
v 10 8
v 11 3
v 12 0
v 13 4
v 14 9
v 15 10
v 16 8
v 17 11
v 18 2
v 19 0
v 20 12
v 21 13
v 22 2
v 23 14
v 24 15
v 25 16
v 26 3
v 27 4
v 28 17
v 29 18
v 30 19
v 31 8
v 32 20
v 33 21
v 34 0
v 35 22
v 36 2
v 37 23
v 38 24
v 39 25
v 40 26
v 41 3
v 42 4
v 43 27
v 44 8
v 45 0
v 46 28
v 47 29
v 48 30
v 49 31
v 50 8
v 51 0
v 52 32
v 53 3
v 54 4
v 55 33
v 56 3
v 57 8
v 58 4
v 59 34
v 60 0
v 61 8
v 62 3
v 63 0
v 64 4
v 65 35
v 66 36
v 67 37
v 68 8
v 69 38
e 16 58 10
e 58 16 11
e 68 13 10
e 13 68 11
e 59 63 9
e 39 40 1
e 19 56 1
e 55 57 9
e 15 39 10
e 39 15 11
e 17 18 1
e 37 38 1
e 6 32 9
e 38 48 4
e 0 11 1
e 17 46 10
e 46 17 11
e 60 3 1
e 20 66 10
e 66 20 11
e 44 45 2
e 47 50 9
e 12 26 1
e 24 15 10
e 15 24 11
e 44 45 10
e 45 44 11
e 40 46 9
e 60 4 10
e 4 60 11
e 57 60 10
e 60 57 11
e 31 42 10
e 42 31 11
e 50 64 10
e 64 50 11
e 51 62 1
e 19 58 10
e 58 19 11
e 68 0 10
e 0 68 11
e 10 27 10
e 27 10 11
e 67 15 4
e 20 17 10
e 17 20 11
e 35 46 10
e 46 35 11
e 48 1 10
e 1 48 11
e 32 39 10
e 39 32 11
e 17 39 10
e 39 17 11
e 20 52 10
e 52 20 11
e 20 15 10
e 15 20 11
e 29 48 9
e 32 66 10
e 66 32 11
e 61 63 2
e 15 23 10
e 23 15 11
e 48 15 10
e 15 48 11
e 66 46 10
e 46 66 11
e 52 23 10
e 23 52 11
e 20 23 10
e 23 20 11
e 43 44 9
e 20 24 10
e 24 20 11
e 30 31 9
e 5 8 9
e 25 17 4
e 48 35 10
e 35 48 11
e 20 39 10
e 39 20 11
e 25 52 4
e 50 51 2
e 57 4 10
e 4 57 11
e 67 23 9
e 1 23 10
e 23 1 11
e 33 23 4
e 28 39 4
e 66 17 10
e 17 66 11
e 61 8 2
e 48 23 10
e 23 48 11
e 20 46 10
e 46 20 11
e 23 46 10
e 46 23 11
e 32 20 10
e 20 32 11
e 51 64 10
e 64 51 11
e 37 48 10
e 48 37 11
e 45 54 10
e 54 45 11
e 24 37 10
e 37 24 11
e 48 66 10
e 66 48 11
e 37 17 10
e 17 37 11
e 1 15 10
e 15 1 11
e 10 12 10
e 12 10 11
e 17 35 10
e 35 17 11
e 49 52 9
e 48 46 10
e 46 48 11
e 37 1 10
e 1 37 11
e 56 58 9
e 61 8 10
e 8 61 11
e 7 52 9
e 59 61 9
e 20 48 10
e 48 20 11
e 1 35 10
e 35 1 11
e 1 39 10
e 39 1 11
e 24 23 10
e 23 24 11
e 30 34 9
e 32 46 10
e 46 32 11
e 66 67 1
e 20 1 10
e 1 20 11
e 3 4 9
e 15 46 10
e 46 15 11
e 17 23 10
e 23 17 11
e 37 35 10
e 35 37 11
e 11 13 9
e 34 42 10
e 42 34 11
e 50 51 10
e 51 50 11
e 1 46 10
e 46 1 11
e 52 39 10
e 39 52 11
e 52 35 10
e 35 52 11
e 32 15 10
e 15 32 11
e 66 1 10
e 1 66 11
e 37 52 10
e 52 37 11
e 53 54 9
e 34 41 1
e 23 35 10
e 35 23 11
e 24 52 10
e 52 24 11
e 61 63 10
e 63 61 11
e 52 15 10
e 15 52 11
e 24 66 10
e 66 24 11
e 62 64 9
e 35 36 1
e 41 42 9
e 9 12 9
e 50 64 2
e 57 60 2
e 10 12 2
e 52 1 10
e 1 52 11
e 1 2 1
e 47 51 9
e 31 34 10
e 34 31 11
e 37 15 10
e 15 37 11
e 24 39 10
e 39 24 11
e 48 39 10
e 39 48 11
e 63 5 1
e 31 34 2
e 35 39 10
e 39 35 11
e 10 27 2
e 20 35 10
e 35 20 11
e 14 16 9
e 32 33 1
e 43 45 9
e 55 60 9
e 63 8 10
e 8 63 11
e 37 23 10
e 23 37 11
e 44 54 10
e 54 44 11
e 20 37 10
e 37 20 11
e 32 52 10
e 52 32 11
e 65 0 9
e 15 17 10
e 17 15 11
e 0 13 10
e 13 0 11
e 37 39 10
e 39 37 11
e 48 49 1
e 26 27 9
e 44 54 2
e 24 35 10
e 35 24 11
e 15 35 10
e 35 15 11
e 32 35 10
e 35 32 11
e 66 23 10
e 23 66 11
e 24 17 10
e 17 24 11
e 45 53 1
e 23 39 10
e 39 23 11
e 24 48 10
e 48 24 11
e 31 42 2
e 39 46 10
e 46 39 11
e 24 46 10
e 46 24 11
e 57 4 2
e 52 46 10
e 46 52 11
e 48 52 10
e 52 48 11
e 33 35 4
e 52 66 10
e 66 52 11
e 66 35 10
e 35 66 11
e 32 17 10
e 17 32 11
e 68 0 2
e 14 19 9
e 66 15 10
e 15 66 11
e 32 1 10
e 1 32 11
e 32 37 10
e 37 32 11
e 20 22 1
e 52 17 10
e 17 52 11
e 66 39 10
e 39 66 11
e 1 17 10
e 17 1 11
e 37 46 10
e 46 37 11
e 68 13 2
e 12 27 10
e 27 12 11
e 32 24 10
e 24 32 11
e 24 1 10
e 1 24 11
e 16 19 10
e 19 16 11
e 16 58 2
e 32 48 10
e 48 32 11
e 65 68 9
e 48 17 10
e 17 48 11
e 21 23 9
e 9 10 9
e 16 19 2
e 37 66 10
e 66 37 11
e 24 25 1
e 32 23 10
e 23 32 11
e 1 15 9
e 17 23 9
e 20 24 9
e 35 39 9
-
t # 1 U 1
v 0 39
v 1 40
v 2 2
v 3 41
v 4 42
v 5 43
v 6 10
v 7 44
v 8 8
v 9 45
v 10 46
v 11 47
v 12 18
v 13 48
v 14 49
v 15 39
v 16 41
v 17 50
v 18 51
v 19 52
v 20 53
v 21 42
v 22 54
v 23 55
v 24 56
v 25 28
v 26 57
v 27 58
v 28 4
v 29 36
v 30 59
v 31 55
v 32 37
v 33 56
v 34 1
v 35 4
e 32 11 9
e 0 11 9
e 6 25 10
e 25 6 11
e 3 14 10
e 14 3 11
e 16 15 1
e 19 3 10
e 3 19 11
e 34 2 1
e 34 25 10
e 25 34 11
e 21 17 10
e 17 21 11
e 19 4 10
e 4 19 11
e 21 6 10
e 6 21 11
e 19 11 10
e 11 19 11
e 19 31 10
e 31 19 11
e 4 14 10
e 14 4 11
e 4 21 10
e 21 4 11
e 21 35 6
e 16 11 10
e 11 16 11
e 16 17 10
e 17 16 11
e 26 21 9
e 14 11 10
e 11 14 11
e 29 25 10
e 25 29 11
e 21 35 10
e 35 21 11
e 4 16 10
e 16 4 11
e 9 23 9
e 19 35 6
e 4 3 10
e 3 4 11
e 4 11 10
e 11 4 11
e 4 35 6
e 21 11 10
e 11 21 11
e 14 25 10
e 25 14 11
e 11 17 10
e 17 11 11
e 4 31 10
e 31 4 11
e 19 35 10
e 35 19 11
e 29 11 10
e 11 29 11
e 19 29 10
e 29 19 11
e 16 29 10
e 29 16 11
e 14 17 10
e 17 14 11
e 29 6 10
e 6 29 11
e 19 14 10
e 14 19 11
e 34 6 10
e 6 34 11
e 1 16 9
e 4 17 10
e 17 4 11
e 22 17 4
e 18 25 9
e 20 4 4
e 21 29 10
e 29 21 11
e 4 21 6
e 11 25 10
e 25 11 11
e 19 21 6
e 13 23 9
e 5 23 9
e 3 0 1
e 21 3 10
e 3 21 11
e 14 29 10
e 29 14 11
e 16 14 10
e 14 16 11
e 4 6 10
e 6 4 11
e 16 25 10
e 25 16 11
e 8 28 10
e 28 8 11
e 3 11 10
e 11 3 11
e 19 6 10
e 6 19 11
e 19 25 10
e 25 19 11
e 14 22 1
e 8 23 2
e 4 35 10
e 35 4 11
e 3 6 10
e 6 3 11
e 5 8 9
e 33 35 9
e 14 6 10
e 6 14 11
e 3 29 10
e 29 3 11
e 27 3 9
e 10 19 4
e 19 17 10
e 17 19 11
e 31 35 10
e 35 31 11
e 24 28 9
e 19 20 1
e 34 11 10
e 11 34 11
e 23 24 1
e 12 19 9
e 7 31 9
e 19 16 10
e 16 19 11
e 4 29 10
e 29 4 11
e 21 14 10
e 14 21 11
e 8 23 10
e 23 8 11
e 8 28 2
e 32 6 4
e 3 17 10
e 17 3 11
e 19 31 6
e 1 15 1
e 30 4 9
e 34 17 10
e 17 34 11
e 27 0 1
e 4 31 6
e 4 25 10
e 25 4 11
e 15 11 9
e 23 28 10
e 28 23 11
e 22 11 4
e 20 31 9
e 21 31 10
e 31 21 11
e 12 23 9
e 6 17 10
e 17 6 11
e 17 18 1
e 20 14 9
e 21 25 10
e 25 21 11
e 19 21 10
e 21 19 11
e 17 25 10
e 25 17 11
e 29 32 1
e 31 33 1
e 29 17 10
e 17 29 11
e 21 31 6
e 6 11 10
e 11 6 11
e 16 6 10
e 6 16 11
e 20 21 4
e 3 25 10
e 25 3 11
e 34 6 9
-
t # 2 U 1
v 0 60
v 1 61
v 2 62
v 3 63
v 4 64
v 5 65
v 6 66
v 7 67
v 8 68
v 9 69
v 10 70
v 11 71
v 12 72
v 13 73
v 14 64
v 15 65
v 16 74
v 17 75
v 18 76
v 19 77
v 20 78
v 21 77
v 22 79
v 23 80
v 24 77
v 25 81
v 26 82
v 27 83
v 28 84
v 29 74
v 30 74
v 31 85
v 32 86
v 33 87
v 34 88
v 35 89
v 36 90
v 37 2
v 38 80
v 39 91
v 40 92
v 41 93
v 42 94
v 43 95
v 44 2
v 45 96
v 46 2
v 47 97
v 48 98
v 49 99
v 50 100
v 51 101
v 52 102
v 53 103
v 54 104
v 55 105
v 56 2
v 57 49
v 58 54
v 59 53
v 60 106
v 61 107
v 62 108
v 63 2
v 64 50
v 65 109
v 66 51
v 67 110
v 68 36
v 69 37
v 70 47
v 71 111
v 72 53
v 73 112
v 74 113
v 75 97
v 76 98
v 77 114
v 78 50
v 79 51
v 80 115
v 81 116
v 82 117
v 83 118
v 84 119
v 85 120
v 86 121
v 87 122
v 88 123
v 89 122
v 90 13
v 91 124
v 92 125
v 93 126
v 94 127
v 95 128
v 96 129
v 97 130
v 98 2
e 55 81 10
e 81 55 11
e 72 39 9
e 7 38 10
e 38 7 11
e 81 96 10
e 96 81 11
e 25 73 10
e 73 25 11
e 73 27 10
e 27 73 11
e 57 83 10
e 83 57 11
e 70 75 10
e 75 70 11
e 45 97 10
e 97 45 11
e 83 97 10
e 97 83 11
e 34 27 10
e 27 34 11
e 24 16 9
e 92 73 10
e 73 92 11
e 70 71 10
e 71 70 11
e 57 31 10
e 31 57 11
e 87 71 10
e 71 87 11
e 47 27 10
e 27 47 11
e 1 18 10
e 18 1 11
e 85 97 4
e 78 34 10
e 34 78 11
e 57 70 10
e 70 57 11
e 68 70 10
e 70 68 11
e 34 83 10
e 83 34 11
e 30 94 10
e 94 30 11
e 94 96 10
e 96 94 11
e 41 8 10
e 8 41 11
e 64 71 10
e 71 64 11
e 1 73 10
e 73 1 11
e 55 62 10
e 62 55 11
e 57 91 10
e 91 57 11
e 68 8 10
e 8 68 11
e 38 41 10
e 41 38 11
e 68 87 10
e 87 68 11
e 47 48 1
e 38 34 10
e 34 38 11
e 87 91 10
e 91 87 11
e 78 1 10
e 1 78 11
e 82 38 10
e 38 82 11
e 16 14 10
e 14 16 11
e 64 92 10
e 92 64 11
e 39 14 10
e 14 39 11
e 50 14 10
e 14 50 11
e 30 6 10
e 6 30 11
e 39 71 10
e 71 39 11
e 82 31 10
e 31 82 11
e 60 17 1
e 57 34 10
e 34 57 11
e 3 41 9
e 32 55 10
e 55 32 11
e 96 6 10
e 6 96 11
e 30 4 10
e 4 30 11
e 55 27 10
e 27 55 11
e 34 35 1
e 60 34 10
e 34 60 11
e 89 55 10
e 55 89 11
e 57 39 10
e 39 57 11
e 73 8 10
e 8 73 11
e 32 27 10
e 27 32 11
e 78 10 10
e 10 78 11
e 64 94 10
e 94 64 11
e 78 18 10
e 18 78 11
e 91 10 10
e 10 91 11
e 43 45 9
e 82 92 10
e 92 82 11
e 38 81 10
e 81 38 11
e 47 38 10
e 38 47 11
e 86 91 10
e 91 86 11
e 1 27 10
e 27 1 11
e 30 10 10
e 10 30 11
e 39 94 10
e 94 39 11
e 30 86 10
e 86 30 11
e 42 10 10
e 10 42 11
e 45 65 10
e 65 45 11
e 68 10 10
e 10 68 11
e 16 30 10
e 30 16 11
e 16 62 10
e 62 16 11
e 68 60 10
e 60 68 11
e 45 14 10
e 14 45 11
e 22 91 9
e 29 65 10
e 65 29 11
e 89 50 10
e 50 89 11
e 41 96 10
e 96 41 11
e 32 6 10
e 6 32 11
e 81 8 10
e 8 81 11
e 25 18 10
e 18 25 11
e 29 42 10
e 42 29 11
e 54 36 9
e 60 91 10
e 91 60 11
e 73 31 10
e 31 73 11
e 30 83 10
e 83 30 11
e 29 73 10
e 73 29 11
e 53 57 9
e 70 6 10
e 6 70 11
e 92 83 10
e 83 92 11
e 70 87 10
e 87 70 11
e 87 55 10
e 55 87 11
e 70 50 10
e 50 70 11
e 58 78 4
e 62 71 10
e 71 62 11
e 57 10 10
e 10 57 11
e 82 65 10
e 65 82 11
e 31 10 10
e 10 31 11
e 60 71 10
e 71 60 11
e 97 10 10
e 10 97 11
e 65 6 10
e 6 65 11
e 25 8 10
e 8 25 11
e 75 60 10
e 60 75 11
e 65 18 10
e 18 65 11
e 5 31 9
e 16 55 10
e 55 16 11
e 75 76 1
e 23 41 10
e 41 23 11
e 86 88 1
e 75 50 10
e 50 75 11
e 57 64 10
e 64 57 11
e 64 1 10
e 1 64 11
e 57 60 10
e 60 57 11
e 4 8 10
e 8 4 11
e 1 50 10
e 50 1 11
e 39 34 10
e 34 39 11
e 39 97 10
e 97 39 11
e 38 36 10
e 36 38 11
e 73 96 10
e 96 73 11
e 23 34 10
e 34 23 11
e 89 29 10
e 29 89 11
e 32 38 10
e 38 32 11
e 89 97 10
e 97 89 11
e 47 16 10
e 16 47 11
e 38 42 10
e 42 38 11
e 36 73 10
e 73 36 11
e 57 55 10
e 55 57 11
e 8 10 10
e 10 8 11
e 94 8 10
e 8 94 11
e 4 6 10
e 6 4 11
e 68 75 10
e 75 68 11
e 1 36 10
e 36 1 11
e 34 14 10
e 14 34 11
e 83 86 10
e 86 83 11
e 64 7 10
e 7 64 11
e 42 62 10
e 62 42 11
e 47 50 10
e 50 47 11
e 1 96 10
e 96 1 11
e 47 73 10
e 73 47 11
e 38 14 10
e 14 38 11
e 74 81 4
e 38 94 10
e 94 38 11
e 65 97 10
e 97 65 11
e 30 60 10
e 60 30 11
e 68 78 10
e 78 68 11
e 92 45 10
e 45 92 11
e 81 31 10
e 31 81 11
e 47 1 10
e 1 47 11
e 29 36 10
e 36 29 11
e 29 97 10
e 97 29 11
e 57 30 10
e 30 57 11
e 31 6 10
e 6 31 11
e 57 1 10
e 1 57 11
e 78 86 10
e 86 78 11
e 96 97 10
e 97 96 11
e 16 39 10
e 39 16 11
e 34 73 10
e 73 34 11
e 82 34 10
e 34 82 11
e 64 81 10
e 81 64 11
e 25 6 10
e 6 25 11
e 51 47 4
e 78 83 10
e 83 78 11
e 41 81 10
e 81 41 11
e 32 62 10
e 62 32 11
e 75 25 10
e 25 75 11
e 16 94 10
e 94 16 11
e 55 97 10
e 97 55 11
e 29 55 10
e 55 29 11
e 75 86 10
e 86 75 11
e 88 94 9
e 81 4 10
e 4 81 11
e 68 14 10
e 14 68 11
e 45 96 10
e 96 45 11
e 68 73 10
e 73 68 11
e 75 14 10
e 14 75 11
e 39 96 10
e 96 39 11
e 25 62 10
e 62 25 11
e 87 39 10
e 39 87 11
e 41 18 10
e 18 41 11
e 47 64 10
e 64 47 11
e 79 47 9
e 30 34 10
e 34 30 11
e 39 62 10
e 62 39 11
e 92 6 10
e 6 92 11
e 73 74 1
e 39 65 10
e 65 39 11
e 75 65 10
e 65 75 11
e 57 36 10
e 36 57 11
e 32 81 10
e 81 32 11
e 50 36 10
e 36 50 11
e 20 29 9
e 23 6 10
e 6 23 11
e 45 91 10
e 91 45 11
e 82 50 10
e 50 82 11
e 57 27 10
e 27 57 11
e 89 27 10
e 27 89 11
e 89 36 10
e 36 89 11
e 36 18 10
e 18 36 11
e 6 10 10
e 10 6 11
e 83 96 10
e 96 83 11
e 78 87 10
e 87 78 11
e 39 91 10
e 91 39 11
e 64 86 10
e 86 64 11
e 83 85 1
e 75 71 10
e 71 75 11
e 73 81 10
e 81 73 11
e 29 8 10
e 8 29 11
e 1 65 10
e 65 1 11
e 60 6 10
e 6 60 11
e 68 86 10
e 86 68 11
e 55 65 10
e 65 55 11
e 82 41 10
e 41 82 11
e 92 93 1
e 45 62 10
e 62 45 11
e 16 91 10
e 91 16 11
e 87 62 10
e 62 87 11
e 38 62 10
e 62 38 11
e 89 34 10
e 34 89 11
e 68 65 10
e 65 68 11
e 39 31 10
e 31 39 11
e 34 96 10
e 96 34 11
e 64 73 10
e 73 64 11
e 75 30 10
e 30 75 11
e 50 25 10
e 25 50 11
e 29 94 10
e 94 29 11
e 81 14 10
e 14 81 11
e 30 81 10
e 81 30 11
e 42 41 10
e 41 42 11
e 1 16 10
e 16 1 11
e 92 86 10
e 86 92 11
e 40 50 9
e 87 92 10
e 92 87 11
e 92 30 10
e 30 92 11
e 41 71 10
e 71 41 11
e 36 62 10
e 62 36 11
e 70 25 10
e 25 70 11
e 57 71 10
e 71 57 11
e 84 92 9
e 75 10 10
e 10 75 11
e 27 6 10
e 6 27 11
e 25 81 10
e 81 25 11
e 30 8 10
e 8 30 11
e 82 30 10
e 30 82 11
e 42 96 10
e 96 42 11
e 75 91 10
e 91 75 11
e 42 83 10
e 83 42 11
e 76 87 9
e 29 86 10
e 86 29 11
e 70 31 10
e 31 70 11
e 82 18 10
e 18 82 11
e 87 34 10
e 34 87 11
e 1 81 10
e 81 1 11
e 47 55 10
e 55 47 11
e 68 96 10
e 96 68 11
e 41 83 10
e 83 41 11
e 1 38 10
e 38 1 11
e 25 86 10
e 86 25 11
e 68 41 10
e 41 68 11
e 31 96 10
e 96 31 11
e 38 31 10
e 31 38 11
e 82 32 10
e 32 82 11
e 75 23 10
e 23 75 11
e 50 55 10
e 55 50 11
e 23 91 10
e 91 23 11
e 50 27 10
e 27 50 11
e 55 56 1
e 89 25 10
e 25 89 11
e 47 83 10
e 83 47 11
e 87 18 10
e 18 87 11
e 50 62 10
e 62 50 11
e 30 73 10
e 73 30 11
e 12 29 4
e 87 25 10
e 25 87 11
e 75 18 10
e 18 75 11
e 78 45 10
e 45 78 11
e 89 1 10
e 1 89 11
e 58 70 4
e 57 42 10
e 42 57 11
e 16 73 10
e 73 16 11
e 64 25 10
e 25 64 11
e 70 91 10
e 91 70 11
e 36 91 10
e 91 36 11
e 64 60 10
e 60 64 11
e 86 96 10
e 96 86 11
e 97 6 10
e 6 97 11
e 7 86 10
e 86 7 11
e 92 29 10
e 29 92 11
e 59 75 9
e 92 8 10
e 8 92 11
e 38 8 10
e 8 38 11
e 64 16 10
e 16 64 11
e 81 6 10
e 6 81 11
e 16 27 10
e 27 16 11
e 57 50 10
e 50 57 11
e 39 40 1
e 1 29 10
e 29 1 11
e 27 97 10
e 97 27 11
e 60 14 10
e 14 60 11
e 92 7 10
e 7 92 11
e 68 62 10
e 62 68 11
e 92 65 10
e 65 92 11
e 25 31 10
e 31 25 11
e 65 10 10
e 10 65 11
e 65 71 10
e 71 65 11
e 64 87 10
e 87 64 11
e 57 65 10
e 65 57 11
e 4 14 10
e 14 4 11
e 87 89 10
e 89 87 11
e 64 18 10
e 18 64 11
e 55 6 10
e 6 55 11
e 87 32 10
e 32 87 11
e 68 81 10
e 81 68 11
e 38 18 10
e 18 38 11
e 89 92 10
e 92 89 11
e 50 83 10
e 83 50 11
e 62 14 10
e 14 62 11
e 30 71 10
e 71 30 11
e 1 45 10
e 45 1 11
e 64 89 10
e 89 64 11
e 32 39 10
e 39 32 11
e 16 41 10
e 41 16 11
e 62 18 10
e 18 62 11
e 57 97 10
e 97 57 11
e 78 82 10
e 82 78 11
e 76 62 9
e 62 4 10
e 4 62 11
e 39 86 10
e 86 39 11
e 25 65 10
e 65 25 11
e 87 23 10
e 23 87 11
e 60 55 10
e 55 60 11
e 72 75 9
e 62 86 10
e 86 62 11
e 34 86 10
e 86 34 11
e 55 4 10
e 4 55 11
e 1 39 10
e 39 1 11
e 1 42 10
e 42 1 11
e 25 94 10
e 94 25 11
e 34 62 10
e 62 34 11
e 34 8 10
e 8 34 11
e 7 42 10
e 42 7 11
e 41 31 10
e 31 41 11
e 7 45 10
e 45 7 11
e 89 45 10
e 45 89 11
e 55 8 10
e 8 55 11
e 70 83 10
e 83 70 11
e 29 30 10
e 30 29 11
e 32 25 10
e 25 32 11
e 50 65 10
e 65 50 11
e 25 55 10
e 55 25 11
e 39 41 10
e 41 39 11
e 55 83 10
e 83 55 11
e 66 55 4
e 34 36 10
e 36 34 11
e 86 27 10
e 27 86 11
e 75 8 10
e 8 75 11
e 16 4 10
e 4 16 11
e 64 97 10
e 97 64 11
e 28 96 4
e 82 96 10
e 96 82 11
e 73 4 10
e 4 73 11
e 78 55 10
e 55 78 11
e 68 30 10
e 30 68 11
e 60 94 10
e 94 60 11
e 27 96 10
e 96 27 11
e 71 96 10
e 96 71 11
e 68 42 10
e 42 68 11
e 68 83 10
e 83 68 11
e 86 97 10
e 97 86 11
e 14 91 10
e 91 14 11
e 16 23 10
e 23 16 11
e 23 18 10
e 18 23 11
e 75 16 10
e 16 75 11
e 32 42 10
e 42 32 11
e 64 65 10
e 65 64 11
e 10 11 1
e 89 31 10
e 31 89 11
e 75 1 10
e 1 75 11
e 83 10 10
e 10 83 11
e 1 71 10
e 71 1 11
e 74 83 9
e 45 81 10
e 81 45 11
e 68 25 10
e 25 68 11
e 75 36 10
e 36 75 11
e 30 32 10
e 32 30 11
e 57 18 10
e 18 57 11
e 89 14 10
e 14 89 11
e 47 96 10
e 96 47 11
e 6 18 10
e 18 6 11
e 94 27 10
e 27 94 11
e 82 87 10
e 87 82 11
e 16 65 10
e 65 16 11
e 7 50 10
e 50 7 11
e 29 60 10
e 60 29 11
e 16 50 10
e 50 16 11
e 75 34 10
e 34 75 11
e 47 92 10
e 92 47 11
e 68 71 10
e 71 68 11
e 75 92 10
e 92 75 11
e 87 81 10
e 81 87 11
e 78 62 10
e 62 78 11
e 97 98 1
e 55 91 10
e 91 55 11
e 91 18 10
e 18 91 11
e 27 18 10
e 18 27 11
e 86 4 10
e 4 86 11
e 65 27 10
e 27 65 11
e 45 10 10
e 10 45 11
e 83 91 10
e 91 83 11
e 83 31 10
e 31 83 11
e 14 10 10
e 10 14 11
e 47 89 10
e 89 47 11
e 45 4 10
e 4 45 11
e 7 36 10
e 36 7 11
e 41 94 10
e 94 41 11
e 89 18 10
e 18 89 11
e 4 96 10
e 96 4 11
e 45 18 10
e 18 45 11
e 38 10 10
e 10 38 11
e 60 41 10
e 41 60 11
e 45 71 10
e 71 45 11
e 1 31 10
e 31 1 11
e 47 32 10
e 32 47 11
e 23 71 10
e 71 23 11
e 7 62 10
e 62 7 11
e 82 25 10
e 25 82 11
e 4 97 10
e 97 4 11
e 92 18 10
e 18 92 11
e 82 84 1
e 57 62 10
e 62 57 11
e 16 45 10
e 45 16 11
e 16 60 10
e 60 16 11
e 90 94 9
e 92 71 10
e 71 92 11
e 82 81 10
e 81 82 11
e 47 6 10
e 6 47 11
e 60 45 10
e 45 60 11
e 47 71 10
e 71 47 11
e 62 81 10
e 81 62 11
e 42 23 10
e 23 42 11
e 29 62 10
e 62 29 11
e 42 60 10
e 60 42 11
e 66 75 9
e 29 83 10
e 83 29 11
e 47 34 10
e 34 47 11
e 64 50 10
e 50 64 11
e 64 36 10
e 36 64 11
e 7 97 10
e 97 7 11
e 87 60 10
e 60 87 11
e 36 65 10
e 65 36 11
e 32 36 10
e 36 32 11
e 16 86 10
e 86 16 11
e 57 82 10
e 82 57 11
e 68 32 10
e 32 68 11
e 1 34 10
e 34 1 11
e 87 1 10
e 1 87 11
e 71 8 10
e 8 71 11
e 30 18 10
e 18 30 11
e 42 86 10
e 86 42 11
e 50 91 10
e 91 50 11
e 34 4 10
e 4 34 11
e 71 18 10
e 18 71 11
e 42 50 10
e 50 42 11
e 64 29 10
e 29 64 11
e 73 94 10
e 94 73 11
e 55 10 10
e 10 55 11
e 32 18 10
e 18 32 11
e 89 62 10
e 62 89 11
e 64 45 10
e 45 64 11
e 7 41 10
e 41 7 11
e 60 86 10
e 86 60 11
e 29 32 10
e 32 29 11
e 32 33 1
e 81 27 10
e 27 81 11
e 30 96 10
e 96 30 11
e 28 91 4
e 61 59 1
e 86 18 10
e 18 86 11
e 86 8 10
e 8 86 11
e 70 10 10
e 10 70 11
e 64 23 10
e 23 64 11
e 70 97 10
e 97 70 11
e 96 8 10
e 8 96 11
e 75 83 10
e 83 75 11
e 41 14 10
e 14 41 11
e 41 73 10
e 73 41 11
e 1 23 10
e 23 1 11
e 16 25 10
e 25 16 11
e 70 32 10
e 32 70 11
e 92 39 10
e 39 92 11
e 70 18 10
e 18 70 11
e 36 4 10
e 4 36 11
e 30 65 10
e 65 30 11
e 47 10 10
e 10 47 11
e 82 89 10
e 89 82 11
e 83 14 10
e 14 83 11
e 65 8 10
e 8 65 11
e 32 31 10
e 31 32 11
e 19 29 9
e 68 92 10
e 92 68 11
e 29 27 10
e 27 29 11
e 75 42 10
e 42 75 11
e 32 4 10
e 4 32 11
e 23 31 10
e 31 23 11
e 89 60 10
e 60 89 11
e 69 70 9
e 64 31 10
e 31 64 11
e 89 81 10
e 81 89 11
e 68 50 10
e 50 68 11
e 23 36 10
e 36 23 11
e 37 45 4
e 71 86 10
e 86 71 11
e 70 65 10
e 65 70 11
e 87 97 10
e 97 87 11
e 57 86 10
e 86 57 11
e 7 6 10
e 6 7 11
e 34 65 10
e 65 34 11
e 7 12 1
e 38 96 10
e 96 38 11
e 64 14 10
e 14 64 11
e 39 27 10
e 27 39 11
e 34 45 10
e 45 34 11
e 94 6 10
e 6 94 11
e 47 41 10
e 41 47 11
e 17 23 9
e 36 8 10
e 8 36 11
e 55 86 10
e 86 55 11
e 16 97 10
e 97 16 11
e 78 92 10
e 92 78 11
e 82 29 10
e 29 82 11
e 7 94 10
e 94 7 11
e 39 8 10
e 8 39 11
e 1 6 10
e 6 1 11
e 64 27 10
e 27 64 11
e 62 73 10
e 73 62 11
e 36 6 10
e 6 36 11
e 41 43 1
e 49 62 9
e 29 31 10
e 31 29 11
e 70 8 10
e 8 70 11
e 14 8 10
e 8 14 11
e 73 97 10
e 97 73 11
e 64 42 10
e 42 64 11
e 60 81 10
e 81 60 11
e 64 55 10
e 55 64 11
e 57 78 10
e 78 57 11
e 30 55 10
e 55 30 11
e 29 71 10
e 71 29 11
e 91 6 10
e 6 91 11
e 75 62 10
e 62 75 11
e 60 36 10
e 36 60 11
e 23 96 10
e 96 23 11
e 60 4 10
e 4 60 11
e 96 10 10
e 10 96 11
e 65 31 10
e 31 65 11
e 36 71 10
e 71 36 11
e 47 82 10
e 82 47 11
e 39 6 10
e 6 39 11
e 87 29 10
e 29 87 11
e 47 23 10
e 23 47 11
e 16 34 10
e 34 16 11
e 70 92 10
e 92 70 11
e 70 60 10
e 60 70 11
e 50 52 1
e 45 27 10
e 27 45 11
e 75 31 10
e 31 75 11
e 42 25 10
e 25 42 11
e 75 7 10
e 7 75 11
e 4 5 1
e 83 6 10
e 6 83 11
e 57 87 10
e 87 57 11
e 92 25 10
e 25 92 11
e 34 94 10
e 94 34 11
e 87 14 10
e 14 87 11
e 23 45 10
e 45 23 11
e 75 89 10
e 89 75 11
e 82 86 10
e 86 82 11
e 60 96 10
e 96 60 11
e 45 6 10
e 6 45 11
e 89 8 10
e 8 89 11
e 55 96 10
e 96 55 11
e 94 0 1
e 1 14 10
e 14 1 11
e 78 96 10
e 96 78 11
e 45 46 1
e 42 36 10
e 36 42 11
e 47 25 10
e 25 47 11
e 70 55 10
e 55 70 11
e 12 30 4
e 75 41 10
e 41 75 11
e 23 83 10
e 83 23 11
e 68 34 10
e 34 68 11
e 57 4 10
e 4 57 11
e 50 6 10
e 6 50 11
e 73 91 10
e 91 73 11
e 70 82 10
e 82 70 11
e 42 34 10
e 34 42 11
e 36 31 10
e 31 36 11
e 1 60 10
e 60 1 11
e 75 81 10
e 81 75 11
e 47 29 10
e 29 47 11
e 79 75 9
e 42 4 10
e 4 42 11
e 70 78 10
e 78 70 11
e 23 86 10
e 86 23 11
e 94 4 10
e 4 94 11
e 64 83 10
e 83 64 11
e 55 73 10
e 73 55 11
e 47 86 10
e 86 47 11
e 42 8 10
e 8 42 11
e 47 14 10
e 14 47 11
e 47 39 10
e 39 47 11
e 78 25 10
e 25 78 11
e 38 39 10
e 39 38 11
e 87 45 10
e 45 87 11
e 41 6 10
e 6 41 11
e 2 4 9
e 65 4 10
e 4 65 11
e 70 4 10
e 4 70 11
e 92 81 10
e 81 92 11
e 89 39 10
e 39 89 11
e 75 29 10
e 29 75 11
e 7 31 10
e 31 7 11
e 68 36 10
e 36 68 11
e 70 27 10
e 27 70 11
e 14 6 10
e 6 14 11
e 47 31 10
e 31 47 11
e 16 81 10
e 81 16 11
e 28 6 4
e 1 4 10
e 4 1 11
e 78 8 10
e 8 78 11
e 96 18 10
e 18 96 11
e 7 83 10
e 83 7 11
e 86 14 10
e 14 86 11
e 82 7 10
e 7 82 11
e 89 4 10
e 4 89 11
e 70 23 10
e 23 70 11
e 87 86 10
e 86 87 11
e 82 39 10
e 39 82 11
e 16 6 10
e 6 16 11
e 7 81 10
e 81 7 11
e 50 94 10
e 94 50 11
e 47 97 10
e 97 47 11
e 68 18 10
e 18 68 11
e 75 32 10
e 32 75 11
e 36 10 10
e 10 36 11
e 1 97 10
e 97 1 11
e 16 71 10
e 71 16 11
e 36 14 10
e 14 36 11
e 60 27 10
e 27 60 11
e 78 60 10
e 60 78 11
e 1 25 10
e 25 1 11
e 27 8 10
e 8 27 11
e 68 82 10
e 82 68 11
e 87 38 10
e 38 87 11
e 42 81 10
e 81 42 11
e 89 41 10
e 41 89 11
e 84 87 4
e 38 55 10
e 55 38 11
e 23 55 10
e 55 23 11
e 41 10 10
e 10 41 11
e 78 31 10
e 31 78 11
e 71 31 10
e 31 71 11
e 7 71 10
e 71 7 11
e 82 6 10
e 6 82 11
e 23 27 10
e 27 23 11
e 42 14 10
e 14 42 11
e 82 8 10
e 8 82 11
e 78 38 10
e 38 78 11
e 50 71 10
e 71 50 11
e 55 71 10
e 71 55 11
e 29 81 10
e 81 29 11
e 73 14 10
e 14 73 11
e 57 68 10
e 68 57 11
e 89 42 10
e 42 89 11
e 7 39 10
e 39 7 11
e 14 15 1
e 50 41 10
e 41 50 11
e 30 14 10
e 14 30 11
e 92 91 10
e 91 92 11
e 47 65 10
e 65 47 11
e 83 94 10
e 94 83 11
e 30 91 10
e 91 30 11
e 34 10 10
e 10 34 11
e 87 4 10
e 4 87 11
e 34 81 10
e 81 34 11
e 32 23 10
e 23 32 11
e 64 10 10
e 10 64 11
e 83 4 10
e 4 83 11
e 30 97 10
e 97 30 11
e 32 97 10
e 97 32 11
e 32 50 10
e 50 32 11
e 25 10 10
e 10 25 11
e 21 30 9
e 25 45 10
e 45 25 11
e 70 29 10
e 29 70 11
e 55 31 10
e 31 55 11
e 70 30 10
e 30 70 11
e 42 6 10
e 6 42 11
e 29 38 10
e 38 29 11
e 36 96 10
e 96 36 11
e 6 8 10
e 8 6 11
e 23 62 10
e 62 23 11
e 87 36 10
e 36 87 11
e 87 6 10
e 6 87 11
e 75 6 10
e 6 75 11
e 7 55 10
e 55 7 11
e 83 18 10
e 18 83 11
e 68 4 10
e 4 68 11
e 68 29 10
e 29 68 11
e 30 50 10
e 50 30 11
e 45 86 10
e 86 45 11
e 47 75 10
e 75 47 11
e 89 91 10
e 91 89 11
e 64 8 10
e 8 64 11
e 64 62 10
e 62 64 11
e 38 23 10
e 23 38 11
e 81 18 10
e 18 81 11
e 32 10 10
e 10 32 11
e 64 4 10
e 4 64 11
e 36 45 10
e 45 36 11
e 75 96 10
e 96 75 11
e 42 18 10
e 18 42 11
e 72 47 9
e 39 18 10
e 18 39 11
e 26 71 4
e 57 73 10
e 73 57 11
e 54 57 9
e 47 42 10
e 42 47 11
e 7 10 10
e 10 7 11
e 78 71 10
e 71 78 11
e 39 60 10
e 60 39 11
e 92 41 10
e 41 92 11
e 81 10 10
e 10 81 11
e 71 73 10
e 73 71 11
e 38 4 10
e 4 38 11
e 68 38 10
e 38 68 11
e 75 38 10
e 38 75 11
e 92 96 10
e 96 92 11
e 92 31 10
e 31 92 11
e 92 16 10
e 16 92 11
e 47 45 10
e 45 47 11
e 31 91 10
e 91 31 11
e 70 62 10
e 62 70 11
e 82 16 10
e 16 82 11
e 86 6 10
e 6 86 11
e 57 16 10
e 16 57 11
e 64 75 10
e 75 64 11
e 68 1 10
e 1 68 11
e 92 1 10
e 1 92 11
e 64 39 10
e 39 64 11
e 39 10 10
e 10 39 11
e 70 94 10
e 94 70 11
e 47 7 10
e 7 47 11
e 71 94 10
e 94 71 11
e 82 60 10
e 60 82 11
e 71 27 10
e 27 71 11
e 57 23 10
e 23 57 11
e 87 30 10
e 30 87 11
e 64 30 10
e 30 64 11
e 60 62 10
e 62 60 11
e 94 31 10
e 31 94 11
e 92 62 10
e 62 92 11
e 78 14 10
e 14 78 11
e 29 6 10
e 6 29 11
e 62 6 10
e 6 62 11
e 41 86 10
e 86 41 11
e 25 26 1
e 71 83 10
e 83 71 11
e 71 14 10
e 14 71 11
e 58 64 4
e 71 91 10
e 91 71 11
e 89 65 10
e 65 89 11
e 36 83 10
e 83 36 11
e 68 7 10
e 7 68 11
e 42 27 10
e 27 42 11
e 7 30 10
e 30 7 11
e 7 91 10
e 91 7 11
e 94 10 10
e 10 94 11
e 23 25 10
e 25 23 11
e 60 31 10
e 31 60 11
e 4 18 10
e 18 4 11
e 29 23 10
e 23 29 11
e 55 94 10
e 94 55 11
e 57 81 10
e 81 57 11
e 4 27 10
e 27 4 11
e 60 18 10
e 18 60 11
e 23 97 10
e 97 23 11
e 94 97 10
e 97 94 11
e 91 97 10
e 97 91 11
e 38 25 10
e 25 38 11
e 82 91 10
e 91 82 11
e 39 55 10
e 55 39 11
e 70 73 10
e 73 70 11
e 70 1 10
e 1 70 11
e 34 31 10
e 31 34 11
e 7 18 10
e 18 7 11
e 29 50 10
e 50 29 11
e 41 4 10
e 4 41 11
e 1 32 10
e 32 1 11
e 16 36 10
e 36 16 11
e 78 42 10
e 42 78 11
e 89 94 10
e 94 89 11
e 78 39 10
e 39 78 11
e 50 23 10
e 23 50 11
e 76 42 4
e 42 65 10
e 65 42 11
e 46 62 4
e 42 73 10
e 73 42 11
e 75 87 10
e 87 75 11
e 82 83 10
e 83 82 11
e 70 47 10
e 47 70 11
e 57 29 10
e 29 57 11
e 41 65 10
e 65 41 11
e 64 66 1
e 45 8 10
e 8 45 11
e 32 41 10
e 41 32 11
e 60 25 10
e 25 60 11
e 97 18 10
e 18 97 11
e 87 94 10
e 94 87 11
e 78 79 1
e 47 91 10
e 91 47 11
e 62 65 10
e 65 62 11
e 60 73 10
e 73 60 11
e 86 31 10
e 31 86 11
e 25 14 10
e 14 25 11
e 32 8 10
e 8 32 11
e 87 65 10
e 65 87 11
e 50 45 10
e 45 50 11
e 70 86 10
e 86 70 11
e 23 4 10
e 4 23 11
e 26 65 4
e 70 34 10
e 34 70 11
e 80 81 9
e 73 18 10
e 18 73 11
e 75 97 10
e 97 75 11
e 28 18 4
e 75 94 10
e 94 75 11
e 87 16 10
e 16 87 11
e 97 8 10
e 8 97 11
e 92 38 10
e 38 92 11
e 50 8 10
e 8 50 11
e 78 41 10
e 41 78 11
e 78 29 10
e 29 78 11
e 60 10 10
e 10 60 11
e 32 34 10
e 34 32 11
e 60 83 10
e 83 60 11
e 70 42 10
e 42 70 11
e 31 97 10
e 97 31 11
e 38 65 10
e 65 38 11
e 1 55 10
e 55 1 11
e 91 96 10
e 96 91 11
e 47 81 10
e 81 47 11
e 4 31 10
e 31 4 11
e 65 86 10
e 86 65 11
e 29 45 10
e 45 29 11
e 89 83 10
e 83 89 11
e 81 86 10
e 86 81 11
e 92 42 10
e 42 92 11
e 78 30 10
e 30 78 11
e 68 91 10
e 91 68 11
e 75 4 10
e 4 75 11
e 89 10 10
e 10 89 11
e 60 8 10
e 8 60 11
e 62 8 10
e 8 62 11
e 32 94 10
e 94 32 11
e 30 42 10
e 42 30 11
e 48 89 9
e 31 8 10
e 8 31 11
e 1 94 10
e 94 1 11
e 89 32 10
e 32 89 11
e 78 91 10
e 91 78 11
e 23 65 10
e 65 23 11
e 87 83 10
e 83 87 11
e 7 27 10
e 27 7 11
e 36 37 1
e 38 27 10
e 27 38 11
e 1 8 10
e 8 1 11
e 32 91 10
e 91 32 11
e 82 45 10
e 45 82 11
e 92 55 10
e 55 92 11
e 33 38 9
e 78 23 10
e 23 78 11
e 25 91 10
e 91 25 11
e 64 91 10
e 91 64 11
e 92 50 10
e 50 92 11
e 50 97 10
e 97 50 11
e 73 10 10
e 10 73 11
e 50 60 10
e 60 50 11
e 70 36 10
e 36 70 11
e 29 14 10
e 14 29 11
e 89 6 10
e 6 89 11
e 57 32 10
e 32 57 11
e 92 97 10
e 97 92 11
e 82 94 10
e 94 82 11
e 68 23 10
e 23 68 11
e 89 16 10
e 16 89 11
e 25 41 10
e 41 25 11
e 68 31 10
e 31 68 11
e 36 97 10
e 97 36 11
e 51 75 4
e 62 96 10
e 96 62 11
e 78 36 10
e 36 78 11
e 57 38 10
e 38 57 11
e 36 81 10
e 81 36 11
e 41 27 10
e 27 41 11
e 62 10 10
e 10 62 11
e 87 7 10
e 7 87 11
e 78 4 10
e 4 78 11
e 68 55 10
e 55 68 11
e 68 45 10
e 45 68 11
e 62 27 10
e 27 62 11
e 7 32 10
e 32 7 11
e 29 4 10
e 4 29 11
e 55 18 10
e 18 55 11
e 65 94 10
e 94 65 11
e 42 55 10
e 55 42 11
e 25 96 10
e 96 25 11
e 87 42 10
e 42 87 11
e 65 14 10
e 14 65 11
e 92 4 10
e 4 92 11
e 92 27 10
e 27 92 11
e 28 31 4
e 1 83 10
e 83 1 11
e 41 45 10
e 45 41 11
e 29 39 10
e 39 29 11
e 32 65 10
e 65 32 11
e 23 94 10
e 94 23 11
e 42 71 10
e 71 42 11
e 94 18 10
e 18 94 11
e 12 16 4
e 84 89 4
e 39 83 10
e 83 39 11
e 32 60 10
e 60 32 11
e 57 89 10
e 89 57 11
e 82 4 10
e 4 82 11
e 57 6 10
e 6 57 11
e 1 91 10
e 91 1 11
e 10 18 10
e 18 10 11
e 34 71 10
e 71 34 11
e 89 71 10
e 71 89 11
e 16 29 10
e 29 16 11
e 32 71 10
e 71 32 11
e 1 3 1
e 60 97 10
e 97 60 11
e 1 86 10
e 86 1 11
e 92 32 10
e 32 92 11
e 16 38 10
e 38 16 11
e 78 7 10
e 7 78 11
e 0 27 9
e 65 91 10
e 91 65 11
e 57 7 10
e 7 57 11
e 50 73 10
e 73 50 11
e 64 34 10
e 34 64 11
e 30 38 10
e 38 30 11
e 70 14 10
e 14 70 11
e 75 39 10
e 39 75 11
e 67 70 9
e 14 96 10
e 96 14 11
e 82 1 10
e 1 82 11
e 32 83 10
e 83 32 11
e 82 62 10
e 62 82 11
e 7 29 10
e 29 7 11
e 30 25 10
e 25 30 11
e 68 97 10
e 97 68 11
e 62 31 10
e 31 62 11
e 34 97 10
e 97 34 11
e 71 81 10
e 81 71 11
e 16 31 10
e 31 16 11
e 89 38 10
e 38 89 11
e 94 14 10
e 14 94 11
e 77 72 1
e 68 27 10
e 27 68 11
e 32 86 10
e 86 32 11
e 50 81 10
e 81 50 11
e 14 27 10
e 27 14 11
e 35 36 4
e 16 8 10
e 8 16 11
e 38 50 10
e 50 38 11
e 7 25 10
e 25 7 11
e 32 14 10
e 14 32 11
e 50 31 10
e 31 50 11
e 73 86 10
e 86 73 11
e 71 4 10
e 4 71 11
e 89 7 10
e 7 89 11
e 94 91 10
e 91 94 11
e 71 10 10
e 10 71 11
e 1 62 10
e 62 1 11
e 47 94 10
e 94 47 11
e 78 47 10
e 47 78 11
e 1 10 10
e 10 1 11
e 30 23 10
e 23 30 11
e 16 10 10
e 10 16 11
e 39 50 10
e 50 39 11
e 65 83 10
e 83 65 11
e 47 18 10
e 18 47 11
e 39 81 10
e 81 39 11
e 28 8 4
e 26 83 4
e 38 86 10
e 86 38 11
e 86 10 10
e 10 86 11
e 47 87 10
e 87 47 11
e 70 16 10
e 16 70 11
e 30 45 10
e 45 30 11
e 12 32 9
e 82 14 10
e 14 82 11
e 38 45 10
e 45 38 11
e 92 14 10
e 14 92 11
e 4 91 10
e 91 4 11
e 70 96 10
e 96 70 11
e 82 36 10
e 36 82 11
e 92 10 10
e 10 92 11
e 7 96 10
e 96 7 11
e 36 86 10
e 86 36 11
e 42 94 10
e 94 42 11
e 14 31 10
e 31 14 11
e 78 73 10
e 73 78 11
e 68 6 10
e 6 68 11
e 7 60 10
e 60 7 11
e 60 65 10
e 65 60 11
e 71 97 10
e 97 71 11
e 87 50 10
e 50 87 11
e 64 38 10
e 38 64 11
e 39 23 10
e 23 39 11
e 29 96 10
e 96 29 11
e 47 4 10
e 4 47 11
e 27 31 10
e 31 27 11
e 38 6 10
e 6 38 11
e 64 32 10
e 32 64 11
e 30 62 10
e 62 30 11
e 57 47 10
e 47 57 11
e 47 36 10
e 36 47 11
e 64 6 10
e 6 64 11
e 29 91 10
e 91 29 11
e 3 38 4
e 70 64 10
e 64 70 11
e 50 96 10
e 96 50 11
e 25 4 10
e 4 25 11
e 55 14 10
e 14 55 11
e 32 96 10
e 96 32 11
e 81 91 10
e 91 81 11
e 50 34 10
e 34 50 11
e 78 94 10
e 94 78 11
e 38 73 10
e 73 38 11
e 29 41 10
e 41 29 11
e 25 83 10
e 83 25 11
e 47 62 10
e 62 47 11
e 62 97 10
e 97 62 11
e 45 31 10
e 31 45 11
e 87 31 10
e 31 87 11
e 92 36 10
e 36 92 11
e 82 27 10
e 27 82 11
e 25 71 10
e 71 25 11
e 92 23 10
e 23 92 11
e 60 23 10
e 23 60 11
e 47 60 10
e 60 47 11
e 7 4 10
e 4 7 11
e 68 16 10
e 16 68 11
e 13 14 9
e 82 97 10
e 97 82 11
e 82 73 10
e 73 82 11
e 31 18 10
e 18 31 11
e 91 8 10
e 8 91 11
e 23 73 10
e 73 23 11
e 81 97 10
e 97 81 11
e 95 96 9
e 7 14 10
e 14 7 11
e 73 6 10
e 6 73 11
e 16 18 10
e 18 16 11
e 27 10 10
e 10 27 11
e 89 86 10
e 86 89 11
e 14 97 10
e 97 14 11
e 87 41 10
e 41 87 11
e 39 25 10
e 25 39 11
e 50 18 10
e 18 50 11
e 30 36 10
e 36 30 11
e 25 27 10
e 27 25 11
e 29 18 10
e 18 29 11
e 68 89 10
e 89 68 11
e 23 10 10
e 10 23 11
e 39 45 10
e 45 39 11
e 82 23 10
e 23 82 11
e 27 28 1
e 75 82 10
e 82 75 11
e 75 45 10
e 45 75 11
e 70 41 10
e 41 70 11
e 4 10 10
e 10 4 11
e 75 73 10
e 73 75 11
e 42 45 10
e 45 42 11
e 64 96 10
e 96 64 11
e 92 34 10
e 34 92 11
e 32 73 10
e 73 32 11
e 50 10 10
e 10 50 11
e 45 94 10
e 94 45 11
e 57 45 10
e 45 57 11
e 34 18 10
e 18 34 11
e 38 60 10
e 60 38 11
e 42 97 10
e 97 42 11
e 11 18 9
e 50 4 10
e 4 50 11
e 75 27 10
e 27 75 11
e 87 96 10
e 96 87 11
e 34 6 10
e 6 34 11
e 70 38 10
e 38 70 11
e 86 94 10
e 94 86 11
e 73 83 10
e 83 73 11
e 92 60 10
e 60 92 11
e 30 39 10
e 39 30 11
e 57 92 10
e 92 57 11
e 65 96 10
e 96 65 11
e 38 91 10
e 91 38 11
e 78 32 10
e 32 78 11
e 78 89 10
e 89 78 11
e 39 4 10
e 4 39 11
e 78 27 10
e 27 78 11
e 1 30 10
e 30 1 11
e 70 45 10
e 45 70 11
e 45 83 10
e 83 45 11
e 62 63 1
e 29 10 10
e 10 29 11
e 45 73 10
e 73 45 11
e 68 94 10
e 94 68 11
e 64 82 10
e 82 64 11
e 57 94 10
e 94 57 11
e 27 91 10
e 91 27 11
e 93 71 9
e 7 16 10
e 16 7 11
e 25 34 10
e 34 25 11
e 30 27 10
e 27 30 11
e 62 91 10
e 91 62 11
e 89 30 10
e 30 89 11
e 42 44 1
e 78 64 10
e 64 78 11
e 39 36 10
e 36 39 11
e 82 71 10
e 71 82 11
e 78 81 10
e 81 78 11
e 82 55 10
e 55 82 11
e 68 39 10
e 39 68 11
e 8 18 10
e 18 8 11
e 78 65 10
e 65 78 11
e 1 41 10
e 41 1 11
e 41 97 10
e 97 41 11
e 34 91 10
e 91 34 11
e 9 10 9
e 57 41 10
e 41 57 11
e 23 14 10
e 14 23 11
e 65 81 10
e 81 65 11
e 7 23 10
e 23 7 11
e 15 91 9
e 82 10 10
e 10 82 11
e 89 96 10
e 96 89 11
e 29 34 10
e 34 29 11
e 78 50 10
e 50 78 11
e 70 81 10
e 81 70 11
e 52 60 9
e 87 27 10
e 27 87 11
e 78 16 10
e 16 78 11
e 85 6 9
e 7 8 10
e 8 7 11
e 50 86 10
e 86 50 11
e 38 97 10
e 97 38 11
e 7 65 10
e 65 7 11
e 7 34 10
e 34 7 11
e 30 41 10
e 41 30 11
e 57 75 10
e 75 57 11
e 70 7 10
e 7 70 11
e 42 31 10
e 31 42 11
e 47 8 10
e 8 47 11
e 38 83 10
e 83 38 11
e 25 36 10
e 36 25 11
e 57 8 10
e 8 57 11
e 1 7 10
e 7 1 11
e 57 58 1
e 32 45 10
e 45 32 11
e 68 69 1
e 89 23 10
e 23 89 11
e 81 94 10
e 94 81 11
e 41 91 10
e 91 41 11
e 25 97 10
e 97 25 11
e 89 73 10
e 73 89 11
e 36 94 10
e 94 36 11
e 92 94 10
e 94 92 11
e 65 73 10
e 73 65 11
e 78 6 10
e 6 78 11
e 78 75 10
e 75 78 11
e 29 25 10
e 25 29 11
e 23 8 10
e 8 23 11
e 68 47 10
e 47 68 11
e 70 89 10
e 89 70 11
e 14 18 10
e 18 14 11
e 41 62 10
e 62 41 11
e 64 41 10
e 41 64 11
e 38 71 10
e 71 38 11
e 47 30 10
e 30 47 11
e 42 91 10
e 91 42 11
e 87 73 10
e 73 87 11
e 68 64 10
e 64 68 11
e 16 32 10
e 32 16 11
e 70 39 10
e 39 70 11
e 81 83 10
e 83 81 11
e 87 8 10
e 8 87 11
e 3 23 4
e 16 96 10
e 96 16 11
e 82 42 10
e 42 82 11
e 83 27 10
e 27 83 11
e 39 73 10
e 73 39 11
e 57 25 10
e 25 57 11
e 57 96 10
e 96 57 11
e 36 27 10
e 27 36 11
e 30 31 10
e 31 30 11
e 62 94 10
e 94 62 11
e 16 42 10
e 42 16 11
e 23 81 10
e 81 23 11
e 62 83 10
e 83 62 11
e 83 8 10
e 8 83 11
e 87 10 10
e 10 87 11
e 16 83 10
e 83 16 11
e 57 14 10
e 14 57 11
e 71 6 10
e 6 71 11
e 78 97 10
e 97 78 11
e 7 73 10
e 73 7 11
e 75 55 10
e 55 75 11
e 42 50 9
e 55 62 9
e 62 65 9
e 97 6 9
-
t # 3 U 1
v 0 131
v 1 53
v 2 105
v 3 132
v 4 49
v 5 2
v 6 133
v 7 2
v 8 134
v 9 54
v 10 28
v 11 135
v 12 136
v 13 131
v 14 53
v 15 110
v 16 36
v 17 37
v 18 137
v 19 47
v 20 2
v 21 138
v 22 2
v 23 50
v 24 139
v 25 51
v 26 140
v 27 141
v 28 142
v 29 143
v 30 103
v 31 144
v 32 142
e 13 14 1
e 16 3 10
e 3 16 11
e 4 2 10
e 2 4 11
e 16 23 10
e 23 16 11
e 9 23 4
e 8 28 4
e 6 8 1
e 4 21 10
e 21 4 11
e 19 32 10
e 32 19 11
e 11 12 1
e 18 21 10
e 21 18 11
e 4 6 10
e 6 4 11
e 19 23 10
e 23 19 11
e 3 32 10
e 32 3 11
e 15 19 9
e 16 6 10
e 6 16 11
e 19 10 10
e 10 19 11
e 13 32 10
e 32 13 11
e 19 21 10
e 21 19 11
e 16 17 1
e 13 28 10
e 28 13 11
e 2 10 10
e 10 2 11
e 17 19 9
e 3 7 1
e 18 0 10
e 0 18 11
e 29 0 4
e 16 2 10
e 2 16 11
e 25 18 4
e 4 23 10
e 23 4 11
e 4 13 10
e 13 4 11
e 2 21 10
e 21 2 11
e 12 21 4
e 4 3 10
e 3 4 11
e 0 10 10
e 10 0 11
e 8 10 9
e 23 18 10
e 18 23 11
e 16 10 10
e 10 16 11
e 4 32 10
e 32 4 11
e 32 10 10
e 10 32 11
e 3 0 10
e 0 3 11
e 21 28 10
e 28 21 11
e 8 32 4
e 4 10 10
e 10 4 11
e 23 2 10
e 2 23 11
e 23 10 10
e 10 23 11
e 28 32 10
e 32 28 11
e 3 21 10
e 21 3 11
e 3 28 10
e 28 3 11
e 18 6 10
e 6 18 11
e 1 32 9
e 13 0 10
e 0 13 11
e 21 22 1
e 19 6 10
e 6 19 11
e 4 28 10
e 28 4 11
e 16 28 10
e 28 16 11
e 13 10 10
e 10 13 11
e 6 32 10
e 32 6 11
e 23 0 10
e 0 23 11
e 3 10 10
e 10 3 11
e 3 13 10
e 13 3 11
e 16 0 10
e 0 16 11
e 13 6 10
e 6 13 11
e 16 13 10
e 13 16 11
e 19 0 10
e 0 19 11
e 19 28 10
e 28 19 11
e 30 4 9
e 4 16 10
e 16 4 11
e 23 6 10
e 6 23 11
e 19 2 10
e 2 19 11
e 23 13 10
e 13 23 11
e 18 13 10
e 13 18 11
e 18 28 10
e 28 18 11
e 3 6 10
e 6 3 11
e 2 6 10
e 6 2 11
e 23 25 1
e 2 18 10
e 18 2 11
e 31 32 9
e 2 0 10
e 0 2 11
e 2 13 10
e 13 2 11
e 19 13 10
e 13 19 11
e 18 32 10
e 32 18 11
e 2 28 10
e 28 2 11
e 14 28 9
e 16 32 10
e 32 16 11
e 18 3 10
e 3 18 11
e 28 10 10
e 10 28 11
e 6 28 10
e 28 6 11
e 6 10 10
e 10 6 11
e 19 3 10
e 3 19 11
e 23 21 10
e 21 23 11
e 4 19 10
e 19 4 11
e 18 20 1
e 2 5 1
e 27 28 9
e 4 9 1
e 16 21 10
e 21 16 11
e 0 6 10
e 6 0 11
e 4 0 10
e 0 4 11
e 2 32 10
e 32 2 11
e 26 3 4
e 16 19 10
e 19 16 11
e 19 18 10
e 18 19 11
e 23 28 10
e 28 23 11
e 18 10 10
e 10 18 11
e 4 18 10
e 18 4 11
e 29 13 4
e 9 19 4
e 21 10 10
e 10 21 11
e 0 28 10
e 28 0 11
e 0 1 1
e 13 21 10
e 21 13 11
e 21 0 10
e 0 21 11
e 2 3 10
e 3 2 11
e 0 32 10
e 32 0 11
e 24 26 1
e 21 6 10
e 6 21 11
e 23 3 10
e 3 23 11
e 25 2 4
e 23 32 10
e 32 23 11
e 21 32 10
e 32 21 11
e 16 18 10
e 18 16 11
e 21 0 9
e 18 24 9
e 2 11 9
e 3 13 9
-
t # 4 U 1
v 0 0
v 1 3
v 2 51
v 3 4
v 4 145
v 5 137
v 6 8
v 7 2
v 8 146
v 9 147
v 10 148
v 11 149
v 12 47
v 13 2
v 14 105
v 15 150
v 16 151
v 17 50
v 18 152
v 19 49
v 20 153
v 21 54
v 22 154
e 6 3 2
e 4 0 9
e 11 12 9
e 16 19 9
e 12 14 10
e 14 12 11
e 10 9 4
e 2 5 4
e 19 9 10
e 9 19 11
e 18 20 1
e 19 21 1
e 9 17 10
e 17 9 11
e 19 12 10
e 12 19 11
e 9 14 10
e 14 9 11
e 21 12 4
e 1 3 9
e 17 5 10
e 5 17 11
e 9 12 10
e 12 9 11
e 8 0 9
e 12 5 10
e 5 12 11
e 6 3 10
e 3 6 11
e 12 17 10
e 17 12 11
e 0 1 1
e 14 5 10
e 5 14 11
e 6 0 10
e 0 6 11
e 17 14 10
e 14 17 11
e 17 2 1
e 19 14 10
e 14 19 11
e 6 0 2
e 2 14 4
e 19 5 10
e 5 19 11
e 0 3 10
e 3 0 11
e 5 7 1
e 19 17 10
e 17 19 11
e 20 12 9
e 9 5 10
e 5 9 11
e 21 17 4
e 9 13 1
e 4 6 9
e 5 15 9
e 9 18 9
-
t # 5 U 1
v 0 50
v 1 103
v 2 49
v 3 54
v 4 2
v 5 155
v 6 28
v 7 36
v 8 37
v 9 47
e 0 6 10
e 6 0 11
e 9 0 10
e 0 9 11
e 3 0 4
e 3 9 4
e 0 4 1
e 2 3 1
e 2 6 10
e 6 2 11
e 8 9 9
e 7 0 10
e 0 7 11
e 5 9 9
e 9 6 10
e 6 9 11
e 2 7 10
e 7 2 11
e 7 6 10
e 6 7 11
e 7 9 10
e 9 7 11
e 7 8 1
e 1 2 9
e 2 0 10
e 0 2 11
e 2 9 10
e 9 2 11
e 0 6 9
-
t # 6 U 1
v 0 2
v 1 1
v 2 2
v 3 50
v 4 51
v 5 156
v 6 43
v 7 2
v 8 8
v 9 157
v 10 0
v 11 158
v 12 3
v 13 18
v 14 159
v 15 18
v 16 4
v 17 160
v 18 161
v 19 162
v 20 163
v 21 164
v 22 165
v 23 166
v 24 167
v 25 168
v 26 2
v 27 169
v 28 170
v 29 171
v 30 2
v 31 37
v 32 172
v 33 173
v 34 167
v 35 174
v 36 2
v 37 10
v 38 103
v 39 49
v 40 175
v 41 2
v 42 176
v 43 54
v 44 2
v 45 177
v 46 98
v 47 155
v 48 178
v 49 47
v 50 179
e 28 3 10
e 3 28 11
e 29 35 10
e 35 29 11
e 37 5 10
e 5 37 11
e 3 5 10
e 5 3 11
e 10 12 1
e 5 25 10
e 25 5 11
e 40 45 10
e 45 40 11
e 31 37 4
e 29 40 10
e 40 29 11
e 21 48 10
e 48 21 11
e 33 50 10
e 50 33 11
e 5 50 10
e 50 5 11
e 3 25 10
e 25 3 11
e 44 48 4
e 21 29 10
e 29 21 11
e 47 49 9
e 49 35 10
e 35 49 11
e 27 28 9
e 21 50 10
e 50 21 11
e 28 25 10
e 25 28 11
e 37 17 10
e 17 37 11
e 39 42 10
e 42 39 11
e 1 29 10
e 29 1 11
e 48 45 10
e 45 48 11
e 35 40 10
e 40 35 11
e 21 28 10
e 28 21 11
e 23 45 10
e 45 23 11
e 37 33 10
e 33 37 11
e 28 31 1
e 37 25 10
e 25 37 11
e 21 17 10
e 17 21 11
e 17 5 10
e 5 17 11
e 31 49 9
e 17 35 10
e 35 17 11
e 9 17 9
e 48 29 10
e 29 48 11
e 39 23 10
e 23 39 11
e 28 40 10
e 40 28 11
e 5 40 10
e 40 5 11
e 0 5 4
e 21 1 10
e 1 21 11
e 37 35 10
e 35 37 11
e 39 48 10
e 48 39 11
e 33 34 1
e 42 50 10
e 50 42 11
e 21 49 10
e 49 21 11
e 48 5 10
e 5 48 11
e 48 40 10
e 40 48 11
e 1 5 10
e 5 1 11
e 17 23 10
e 23 17 11
e 45 46 1
e 21 33 10
e 33 21 11
e 45 50 10
e 50 45 11
e 17 45 10
e 45 17 11
e 21 35 10
e 35 21 11
e 39 25 10
e 25 39 11
e 3 50 10
e 50 3 11
e 49 17 10
e 17 49 11
e 49 23 10
e 23 49 11
e 22 37 9
e 39 3 10
e 3 39 11
e 17 29 10
e 29 17 11
e 1 40 10
e 40 1 11
e 8 10 10
e 10 8 11
e 20 21 9
e 42 40 10
e 40 42 11
e 42 44 1
e 41 45 4
e 37 1 10
e 1 37 11
e 39 35 10
e 35 39 11
e 21 37 10
e 37 21 11
e 37 42 10
e 42 37 11
e 15 17 9
e 36 40 4
e 21 42 10
e 42 21 11
e 28 45 10
e 45 28 11
e 37 23 10
e 23 37 11
e 28 50 10
e 50 28 11
e 11 42 4
e 49 1 10
e 1 49 11
e 1 50 10
e 50 1 11
e 8 16 2
e 18 25 9
e 49 33 10
e 33 49 11
e 18 40 9
e 3 23 10
e 23 3 11
e 43 3 4
e 25 45 10
e 45 25 11
e 23 33 10
e 33 23 11
e 37 48 10
e 48 37 11
e 28 23 10
e 23 28 11
e 5 29 10
e 29 5 11
e 23 42 10
e 42 23 11
e 28 29 10
e 29 28 11
e 17 33 10
e 33 17 11
e 24 33 4
e 10 16 10
e 16 10 11
e 28 35 10
e 35 28 11
e 33 1 10
e 1 33 11
e 17 1 10
e 1 17 11
e 4 48 9
e 17 48 10
e 48 17 11
e 33 35 10
e 35 33 11
e 37 40 10
e 40 37 11
e 48 0 1
e 17 40 10
e 40 17 11
e 8 16 10
e 16 8 11
e 49 45 10
e 45 49 11
e 24 29 9
e 42 45 10
e 45 42 11
e 46 50 9
e 49 3 10
e 3 49 11
e 3 48 10
e 48 3 11
e 43 49 4
e 28 17 10
e 17 28 11
e 1 45 10
e 45 1 11
e 32 33 9
e 29 30 1
e 39 5 10
e 5 39 11
e 30 35 4
e 49 42 10
e 42 49 11
e 42 25 10
e 25 42 11
e 33 5 10
e 5 33 11
e 6 10 9
e 33 42 10
e 42 33 11
e 37 49 10
e 49 37 11
e 21 5 10
e 5 21 11
e 42 29 10
e 29 42 11
e 8 10 2
e 3 40 10
e 40 3 11
e 33 48 10
e 48 33 11
e 5 45 10
e 45 5 11
e 48 25 10
e 25 48 11
e 39 29 10
e 29 39 11
e 25 40 10
e 40 25 11
e 17 18 1
e 21 23 10
e 23 21 11
e 1 2 1
e 5 35 10
e 35 5 11
e 37 50 10
e 50 37 11
e 23 5 10
e 5 23 11
e 37 29 10
e 29 37 11
e 23 40 10
e 40 23 11
e 28 39 10
e 39 28 11
e 33 25 10
e 25 33 11
e 21 25 10
e 25 21 11
e 38 39 9
e 23 25 10
e 25 23 11
e 21 22 1
e 3 42 10
e 42 3 11
e 42 48 10
e 48 42 11
e 33 40 10
e 40 33 11
e 39 45 10
e 45 39 11
e 40 50 10
e 50 40 11
e 37 39 10
e 39 37 11
e 21 45 10
e 45 21 11
e 14 50 4
e 37 45 10
e 45 37 11
e 23 35 10
e 35 23 11
e 39 33 10
e 33 39 11
e 48 35 10
e 35 48 11
e 29 45 10
e 45 29 11
e 39 1 10
e 1 39 11
e 39 40 10
e 40 39 11
e 37 3 10
e 3 37 11
e 25 26 1
e 13 21 4
e 23 29 10
e 29 23 11
e 23 50 10
e 50 23 11
e 3 45 10
e 45 3 11
e 39 17 10
e 17 39 11
e 42 5 10
e 5 42 11
e 28 33 10
e 33 28 11
e 49 40 10
e 40 49 11
e 29 50 10
e 50 29 11
e 28 1 10
e 1 28 11
e 28 37 10
e 37 28 11
e 17 42 10
e 42 17 11
e 19 33 9
e 26 29 4
e 21 39 10
e 39 21 11
e 34 35 9
e 21 3 10
e 3 21 11
e 25 50 10
e 50 25 11
e 3 17 10
e 17 3 11
e 15 50 9
e 1 25 10
e 25 1 11
e 3 33 10
e 33 3 11
e 3 35 10
e 35 3 11
e 23 1 10
e 1 23 11
e 48 50 10
e 50 48 11
e 49 25 10
e 25 49 11
e 3 4 1
e 28 48 10
e 48 28 11
e 1 35 10
e 35 1 11
e 17 25 10
e 25 17 11
e 39 49 10
e 49 39 11
e 3 1 10
e 1 3 11
e 28 5 10
e 5 28 11
e 7 25 4
e 17 50 10
e 50 17 11
e 5 7 1
e 39 50 10
e 50 39 11
e 40 41 1
e 39 43 1
e 23 48 10
e 48 23 11
e 35 50 10
e 50 35 11
e 49 50 10
e 50 49 11
e 25 35 10
e 35 25 11
e 25 29 10
e 29 25 11
e 23 24 1
e 6 8 9
e 35 45 10
e 45 35 11
e 49 5 10
e 5 49 11
e 3 29 10
e 29 3 11
e 28 42 10
e 42 28 11
e 49 48 10
e 48 49 11
e 33 45 10
e 45 33 11
e 42 35 10
e 35 42 11
e 33 29 10
e 29 33 11
e 28 49 10
e 49 28 11
e 21 40 10
e 40 21 11
e 35 36 1
e 12 16 9
e 49 29 10
e 29 49 11
e 1 5 9
-
t # 7 U 1
v 0 28
v 1 10
v 2 110
v 3 47
v 4 36
v 5 37
v 6 50
v 7 180
v 8 2
v 9 103
v 10 49
v 11 54
e 10 1 10
e 1 10 11
e 1 6 10
e 6 1 11
e 4 1 10
e 1 4 11
e 4 6 10
e 6 4 11
e 10 3 10
e 3 10 11
e 2 3 9
e 6 8 1
e 7 1 9
e 4 5 1
e 10 0 10
e 0 10 11
e 11 6 4
e 10 6 10
e 6 10 11
e 9 10 9
e 4 0 10
e 0 4 11
e 5 1 4
e 10 11 1
e 4 3 10
e 3 4 11
e 5 3 9
e 1 0 10
e 0 1 11
e 3 0 10
e 0 3 11
e 10 4 10
e 4 10 11
e 11 3 4
e 3 6 10
e 6 3 11
e 1 3 10
e 3 1 11
e 6 0 10
e 0 6 11
e 6 0 9
-
t # 8 U 1
v 0 28
v 1 53
v 2 181
v 3 164
v 4 2
v 5 36
v 6 10
v 7 37
v 8 18
v 9 47
v 10 49
v 11 54
v 12 182
v 13 51
e 5 6 10
e 6 5 11
e 10 9 10
e 9 10 11
e 6 12 10
e 12 6 11
e 12 13 1
e 12 0 10
e 0 12 11
e 10 12 10
e 12 10 11
e 5 7 1
e 1 10 9
e 3 4 1
e 11 9 4
e 3 12 10
e 12 3 11
e 7 9 9
e 5 0 10
e 0 5 11
e 6 9 10
e 9 6 11
e 6 0 10
e 0 6 11
e 10 11 1
e 11 12 4
e 5 9 10
e 9 5 11
e 5 3 10
e 3 5 11
e 9 12 10
e 12 9 11
e 3 6 10
e 6 3 11
e 10 0 10
e 0 10 11
e 10 6 10
e 6 10 11
e 8 3 4
e 5 12 10
e 12 5 11
e 3 0 10
e 0 3 11
e 10 5 10
e 5 10 11
e 2 9 9
e 9 0 10
e 0 9 11
e 3 9 10
e 9 3 11
e 7 6 4
e 10 3 10
e 3 10 11
e 13 0 9
e 3 6 9
-
t # 9 U 1
v 0 54
v 1 50
v 2 2
v 3 1
v 4 2
v 5 28
v 6 10
v 7 36
v 8 37
v 9 18
v 10 183
v 11 47
v 12 49
e 8 11 9
e 7 8 1
e 12 7 10
e 7 12 11
e 6 1 10
e 1 6 11
e 12 3 10
e 3 12 11
e 8 6 4
e 3 6 10
e 6 3 11
e 1 2 1
e 12 1 10
e 1 12 11
e 12 0 1
e 7 6 10
e 6 7 11
e 1 5 10
e 5 1 11
e 11 5 10
e 5 11 11
e 0 1 4
e 7 11 10
e 11 7 11
e 7 1 10
e 1 7 11
e 6 5 10
e 5 6 11
e 7 3 10
e 3 7 11
e 10 11 9
e 11 1 10
e 1 11 11
e 3 5 10
e 5 3 11
e 3 4 1
e 0 11 4
e 12 11 10
e 11 12 11
e 3 11 10
e 11 3 11
e 3 1 10
e 1 3 11
e 7 5 10
e 5 7 11
e 12 6 10
e 6 12 11
e 12 5 10
e 5 12 11
e 9 12 9
e 6 11 10
e 11 6 11
e 3 6 9
e 1 5 9
-
t # 10 U 1
v 0 8
v 1 182
v 2 43
v 3 184
v 4 185
v 5 47
v 6 2
v 7 41
v 8 51
v 9 186
v 10 39
v 11 141
v 12 186
v 13 51
v 14 41
v 15 2
v 16 39
v 17 110
v 18 41
v 19 149
v 20 54
v 21 184
v 22 77
v 23 103
v 24 39
v 25 28
v 26 144
v 27 2
v 28 41
v 29 187
v 30 188
v 31 2
v 32 39
v 33 189
v 34 190
e 1 29 10
e 29 1 11
e 30 1 10
e 1 30 11
e 14 9 10
e 9 14 11
e 14 5 10
e 5 14 11
e 9 8 1
e 18 5 10
e 5 18 11
e 30 5 10
e 5 30 11
e 2 0 9
e 30 9 10
e 9 30 11
e 34 9 10
e 9 34 11
e 7 0 10
e 0 7 11
e 7 5 10
e 5 7 11
e 14 1 10
e 1 14 11
e 7 29 10
e 29 7 11
e 5 25 10
e 25 5 11
e 5 1 10
e 1 5 11
e 7 1 10
e 1 7 11
e 21 15 1
e 8 25 9
e 28 0 10
e 0 28 11
e 18 16 1
e 22 25 8
e 30 21 6
e 5 29 10
e 29 5 11
e 28 34 10
e 34 28 11
e 12 29 10
e 29 12 11
e 7 12 10
e 12 7 11
e 18 29 10
e 29 18 11
e 18 34 10
e 34 18 11
e 12 34 10
e 34 12 11
e 7 32 1
e 28 30 10
e 30 28 11
e 14 30 10
e 30 14 11
e 9 25 10
e 25 9 11
e 12 25 10
e 25 12 11
e 18 1 10
e 1 18 11
e 16 5 9
e 34 1 10
e 1 34 11
e 1 25 10
e 25 1 11
e 28 12 10
e 12 28 11
e 6 12 4
e 14 10 1
e 29 25 10
e 25 29 11
e 22 3 4
e 30 4 6
e 34 25 10
e 25 34 11
e 33 32 1
e 30 25 10
e 25 30 11
e 10 3 9
e 7 9 10
e 9 7 11
e 3 4 6
e 11 14 9
e 22 21 4
e 26 28 9
e 22 21 8
e 10 4 9
e 34 5 10
e 5 34 11
e 20 1 4
e 3 21 6
e 28 25 10
e 25 28 11
e 12 4 6
e 1 31 1
e 17 18 9
e 18 0 10
e 0 18 11
e 14 34 10
e 34 14 11
e 7 34 10
e 34 7 11
e 34 20 1
e 30 0 10
e 0 30 11
e 7 30 10
e 30 7 11
e 30 29 10
e 29 30 11
e 3 6 1
e 12 21 6
e 12 5 10
e 5 12 11
e 23 34 9
e 22 12 8
e 13 25 9
e 13 30 9
e 14 29 10
e 29 14 11
e 29 9 10
e 9 29 11
e 28 9 10
e 9 28 11
e 19 5 9
e 29 27 1
e 24 4 9
e 14 12 10
e 12 14 11
e 5 9 10
e 9 5 11
e 28 1 10
e 1 28 11
e 20 5 4
e 24 3 9
e 12 9 6
e 14 0 10
e 0 14 11
e 10 21 9
e 3 9 6
e 18 30 10
e 30 18 11
e 22 4 8
e 12 1 10
e 1 12 11
e 12 30 10
e 30 12 11
e 12 13 1
e 30 34 10
e 34 30 11
e 7 14 10
e 14 7 11
e 18 12 10
e 12 18 11
e 32 5 9
e 28 24 1
e 12 0 10
e 0 12 11
e 18 9 10
e 9 18 11
e 1 9 10
e 9 1 11
e 33 7 9
e 17 16 1
e 30 9 6
e 34 29 10
e 29 34 11
e 18 25 10
e 25 18 11
e 24 21 9
e 26 24 1
e 22 9 8
e 15 9 4
e 22 30 8
e 14 25 10
e 25 14 11
e 7 25 10
e 25 7 11
e 22 3 8
e 11 10 1
e 28 29 10
e 29 28 11
e 18 28 10
e 28 18 11
e 28 5 10
e 5 28 11
e 12 9 10
e 9 12 11
e 0 25 10
e 25 0 11
e 22 4 4
e 29 4 9
e 1 29 9
-
t # 11 U 1
v 0 50
v 1 54
v 2 47
v 3 49
v 4 103
v 5 37
v 6 191
v 7 36
v 8 28
v 9 155
v 10 2
e 2 0 10
e 0 2 11
e 7 5 1
e 2 8 10
e 8 2 11
e 1 2 4
e 7 8 10
e 8 7 11
e 3 2 10
e 2 3 11
e 5 2 9
e 4 3 9
e 1 0 4
e 7 2 10
e 2 7 11
e 3 0 10
e 0 3 11
e 7 0 10
e 0 7 11
e 3 7 10
e 7 3 11
e 3 8 10
e 8 3 11
e 0 10 1
e 6 3 9
e 0 8 10
e 8 0 11
e 3 1 1
e 9 2 9
e 0 8 9
-
t # 12 U 1
v 0 47
v 1 49
v 2 18
v 3 37
v 4 36
v 5 28
v 6 155
v 7 2
v 8 50
v 9 54
e 1 5 10
e 5 1 11
e 9 8 4
e 4 0 10
e 0 4 11
e 4 5 10
e 5 4 11
e 9 0 4
e 1 9 1
e 8 5 10
e 5 8 11
e 3 0 9
e 2 1 9
e 0 8 10
e 8 0 11
e 4 8 10
e 8 4 11
e 6 0 9
e 4 3 1
e 1 8 10
e 8 1 11
e 8 7 1
e 1 4 10
e 4 1 11
e 1 0 10
e 0 1 11
e 0 5 10
e 5 0 11
e 8 5 9
-
t # 13 U 1
v 0 192
v 1 2
v 2 51
v 3 50
v 4 1
v 5 54
v 6 2
v 7 193
v 8 49
v 9 47
v 10 194
v 11 195
v 12 28
v 13 37
v 14 36
v 15 183
v 16 18
v 17 10
e 0 9 10
e 9 0 11
e 5 3 4
e 4 9 10
e 9 4 11
e 17 12 10
e 12 17 11
e 7 8 10
e 8 7 11
e 4 1 1
e 0 17 10
e 17 0 11
e 17 3 10
e 3 17 11
e 16 7 9
e 0 8 10
e 8 0 11
e 3 12 10
e 12 3 11
e 0 14 10
e 14 0 11
e 10 7 9
e 14 12 10
e 12 14 11
e 8 9 10
e 9 8 11
e 14 9 10
e 9 14 11
e 7 17 10
e 17 7 11
e 15 9 9
e 7 6 1
e 5 9 4
e 8 5 1
e 7 0 10
e 0 7 11
e 7 12 10
e 12 7 11
e 17 9 10
e 9 17 11
e 8 12 10
e 12 8 11
e 7 14 10
e 14 7 11
e 4 3 10
e 3 4 11
e 8 3 10
e 3 8 11
e 13 9 9
e 11 0 4
e 8 17 10
e 17 8 11
e 8 4 10
e 4 8 11
e 8 14 10
e 14 8 11
e 14 17 10
e 17 14 11
e 15 7 9
e 4 12 10
e 12 4 11
e 14 4 10
e 4 14 11
e 0 12 10
e 12 0 11
e 9 3 10
e 3 9 11
e 16 8 9
e 13 17 4
e 3 2 1
e 0 3 10
e 3 0 11
e 7 9 10
e 9 7 11
e 7 3 10
e 3 7 11
e 7 4 10
e 4 7 11
e 4 17 10
e 17 4 11
e 14 3 10
e 3 14 11
e 9 12 10
e 12 9 11
e 2 12 9
e 14 13 1
e 0 4 10
e 4 0 11
e 7 0 9
e 4 17 9
-
t # 14 U 1
v 0 196
v 1 197
v 2 28
v 3 29
v 4 13
v 5 198
v 6 199
v 7 165
v 8 200
v 9 201
v 10 8
v 11 37
v 12 8
v 13 36
v 14 8
v 15 29
v 16 202
v 17 203
v 18 204
v 19 28
v 20 54
v 21 13
v 22 49
v 23 205
v 24 206
v 25 199
v 26 207
v 27 199
v 28 8
v 29 8
v 30 29
v 31 47
v 32 27
v 33 28
v 34 110
v 35 13
v 36 208
v 37 199
v 38 8
v 39 119
v 40 19
v 41 117
v 42 28
v 43 13
v 44 205
v 45 28
v 46 199
v 47 13
v 48 209
v 49 210
v 50 28
v 51 51
v 52 50
v 53 122
v 54 122
v 55 28
v 56 13
v 57 211
v 58 122
v 59 199
v 60 165
v 61 212
v 62 202
v 63 180
v 64 105
v 65 213
v 66 214
v 67 2
v 68 77
v 69 77
v 70 215
v 71 2
v 72 1
v 73 216
v 74 217
v 75 218
v 76 188
v 77 219
v 78 137
v 79 220
v 80 221
v 81 222
v 82 223
v 83 28
v 84 2
v 85 13
v 86 224
v 87 205
v 88 199
v 89 225
v 90 28
v 91 226
v 92 13
v 93 199
v 94 8
v 95 227
v 96 228
e 8 95 10
e 95 8 11
e 89 6 9
e 82 53 10
e 53 82 11
e 76 17 6
e 94 2 2
e 52 50 10
e 50 52 11
e 76 83 6
e 79 17 9
e 22 95 10
e 95 22 11
e 78 66 10
e 66 78 11
e 61 9 10
e 9 61 11
e 52 58 10
e 58 52 11
e 14 33 10
e 33 14 11
e 76 9 10
e 9 76 11
e 80 17 10
e 17 80 11
e 61 60 1
e 41 50 10
e 50 41 11
e 38 59 2
e 76 90 6
e 76 2 6
e 26 27 9
e 82 66 10
e 66 82 11
e 26 37 9
e 38 55 2
e 61 76 10
e 76 61 11
e 52 91 10
e 91 52 11
e 13 50 10
e 50 13 11
e 75 74 9
e 85 83 9
e 72 74 10
e 74 72 11
e 46 42 10
e 42 46 11
e 52 8 10
e 8 52 11
e 22 86 10
e 86 22 11
e 64 95 10
e 95 64 11
e 6 2 10
e 2 6 11
e 69 93 4
e 78 95 10
e 95 78 11
e 66 9 10
e 9 66 11
e 58 53 10
e 53 58 11
e 78 53 10
e 53 78 11
e 31 74 10
e 74 31 11
e 61 6 10
e 6 61 11
e 61 2 6
e 15 87 4
e 61 86 10
e 86 61 11
e 80 58 10
e 58 80 11
e 91 9 10
e 9 91 11
e 82 74 10
e 74 82 11
e 76 90 10
e 90 76 11
e 56 55 9
e 80 9 10
e 9 80 11
e 27 45 10
e 45 27 11
e 43 42 9
e 72 9 10
e 9 72 11
e 76 94 10
e 94 76 11
e 25 19 10
e 19 25 11
e 94 5 2
e 40 38 9
e 72 50 10
e 50 72 11
e 52 72 10
e 72 52 11
e 61 95 10
e 95 61 11
e 10 19 2
e 29 27 2
e 68 1 9
e 31 58 10
e 58 31 11
e 61 83 10
e 83 61 11
e 61 87 10
e 87 61 11
e 76 1 10
e 1 76 11
e 96 94 9
e 38 57 10
e 57 38 11
e 80 1 10
e 1 80 11
e 61 88 10
e 88 61 11
e 22 58 10
e 58 22 11
e 88 87 10
e 87 88 11
e 69 88 4
e 72 91 10
e 91 72 11
e 1 9 10
e 9 1 11
e 64 91 10
e 91 64 11
e 28 42 2
e 89 88 9
e 8 74 10
e 74 8 11
e 66 58 10
e 58 66 11
e 8 9 10
e 9 8 11
e 29 45 2
e 31 8 10
e 8 31 11
e 80 91 10
e 91 80 11
e 9 58 10
e 58 9 11
e 38 55 10
e 55 38 11
e 32 29 9
e 30 28 9
e 49 46 9
e 17 86 10
e 86 17 11
e 78 91 10
e 91 78 11
e 74 95 10
e 95 74 11
e 78 82 10
e 82 78 11
e 48 45 10
e 45 48 11
e 81 66 9
e 28 42 10
e 42 28 11
e 10 23 10
e 23 10 11
e 80 79 1
e 9 53 10
e 53 9 11
e 8 53 10
e 53 8 11
e 52 51 1
e 76 86 10
e 86 76 11
e 95 54 10
e 54 95 11
e 47 45 9
e 13 82 10
e 82 13 11
e 24 22 9
e 61 53 10
e 53 61 11
e 78 50 10
e 50 78 11
e 12 83 10
e 83 12 11
e 14 36 10
e 36 14 11
e 54 53 10
e 53 54 11
e 91 58 10
e 58 91 11
e 1 86 10
e 86 1 11
e 76 91 10
e 91 76 11
e 31 9 10
e 9 31 11
e 76 5 10
e 5 76 11
e 74 9 10
e 9 74 11
e 91 86 10
e 86 91 11
e 22 74 10
e 74 22 11
e 86 53 10
e 53 86 11
e 28 44 2
e 76 88 10
e 88 76 11
e 31 86 10
e 86 31 11
e 72 54 10
e 54 72 11
e 22 91 10
e 91 22 11
e 4 2 9
e 13 31 10
e 31 13 11
e 13 95 10
e 95 13 11
e 27 48 10
e 48 27 11
e 30 44 4
e 61 58 10
e 58 61 11
e 1 91 10
e 91 1 11
e 14 37 10
e 37 14 11
e 28 46 10
e 46 28 11
e 82 91 10
e 91 82 11
e 78 54 10
e 54 78 11
e 13 66 10
e 66 13 11
e 61 90 6
e 91 54 10
e 54 91 11
e 39 54 4
e 64 66 10
e 66 64 11
e 17 58 10
e 58 17 11
e 12 88 2
e 61 5 10
e 5 61 11
e 17 95 10
e 95 17 11
e 72 8 10
e 8 72 11
e 64 78 10
e 78 64 11
e 23 19 10
e 19 23 11
e 74 58 10
e 58 74 11
e 14 33 2
e 64 58 10
e 58 64 11
e 72 82 10
e 82 72 11
e 74 53 10
e 53 74 11
e 8 67 1
e 74 86 10
e 86 74 11
e 52 66 10
e 66 52 11
e 80 53 10
e 53 80 11
e 28 44 10
e 44 28 11
e 74 54 10
e 54 74 11
e 17 91 10
e 91 17 11
e 61 94 10
e 94 61 11
e 31 50 10
e 50 31 11
e 74 50 10
e 50 74 11
e 8 66 10
e 66 8 11
e 22 64 10
e 64 22 11
e 64 72 10
e 72 64 11
e 20 31 4
e 29 27 10
e 27 29 11
e 51 64 4
e 8 91 10
e 91 8 11
e 64 82 10
e 82 64 11
e 14 37 2
e 9 50 10
e 50 9 11
e 29 45 10
e 45 29 11
e 86 9 10
e 9 86 11
e 13 74 10
e 74 13 11
e 86 50 10
e 50 86 11
e 10 25 2
e 31 95 10
e 95 31 11
e 66 74 10
e 74 66 11
e 13 54 10
e 54 13 11
e 76 58 10
e 58 76 11
e 61 80 10
e 80 61 11
e 64 50 10
e 50 64 11
e 91 50 10
e 50 91 11
e 72 86 10
e 86 72 11
e 92 90 9
e 95 50 10
e 50 95 11
e 52 74 10
e 74 52 11
e 22 53 10
e 53 22 11
e 60 80 9
e 22 20 1
e 13 11 1
e 35 33 9
e 22 72 10
e 72 22 11
e 76 93 10
e 93 76 11
e 22 8 10
e 8 22 11
e 14 36 2
e 3 10 9
e 1 54 10
e 54 1 11
e 22 78 10
e 78 22 11
e 1 17 10
e 17 1 11
e 18 36 4
e 91 53 10
e 53 91 11
e 12 83 2
e 61 2 10
e 2 61 11
e 37 33 10
e 33 37 11
e 8 86 10
e 86 8 11
e 17 54 10
e 54 17 11
e 95 53 10
e 53 95 11
e 87 83 10
e 83 87 11
e 1 53 10
e 53 1 11
e 31 78 10
e 78 31 11
e 61 54 10
e 54 61 11
e 1 95 10
e 95 1 11
e 69 25 4
e 22 9 10
e 9 22 11
e 17 16 1
e 59 57 10
e 57 59 11
e 12 87 2
e 13 64 10
e 64 13 11
e 13 86 10
e 86 13 11
e 49 59 9
e 10 25 10
e 25 10 11
e 80 95 10
e 95 80 11
e 72 66 10
e 66 72 11
e 52 86 10
e 86 52 11
e 73 9 4
e 11 31 9
e 10 19 10
e 19 10 11
e 65 86 4
e 9 7 1
e 1 0 1
e 36 33 10
e 33 36 11
e 78 86 10
e 86 78 11
e 31 53 10
e 53 31 11
e 61 1 10
e 1 61 11
e 74 73 1
e 60 76 9
e 76 17 10
e 17 76 11
e 12 88 10
e 88 12 11
e 76 6 10
e 6 76 11
e 22 52 10
e 52 22 11
e 8 58 10
e 58 8 11
e 58 50 10
e 50 58 11
e 80 54 10
e 54 80 11
e 82 54 10
e 54 82 11
e 44 42 10
e 42 44 11
e 64 53 10
e 53 64 11
e 61 80 6
e 76 2 10
e 2 76 11
e 94 6 10
e 6 94 11
e 38 59 10
e 59 38 11
e 29 48 10
e 48 29 11
e 13 58 10
e 58 13 11
e 82 86 10
e 86 82 11
e 78 77 1
e 22 66 10
e 66 22 11
e 28 46 2
e 37 36 10
e 36 37 11
e 94 5 10
e 5 94 11
e 16 91 9
e 72 53 10
e 53 72 11
e 69 46 4
e 1 50 10
e 50 1 11
e 39 50 9
e 80 50 10
e 50 80 11
e 1 58 10
e 58 1 11
e 17 9 10
e 9 17 11
e 66 54 10
e 54 66 11
e 15 12 9
e 61 17 6
e 64 54 10
e 54 64 11
e 20 52 4
e 66 91 10
e 91 66 11
e 57 55 10
e 55 57 11
e 82 9 10
e 9 82 11
e 52 95 10
e 95 52 11
e 63 82 9
e 82 81 1
e 64 74 10
e 74 64 11
e 91 95 10
e 95 91 11
e 66 53 10
e 53 66 11
e 96 5 4
e 77 8 4
e 41 53 10
e 53 41 11
e 21 19 9
e 13 53 10
e 53 13 11
e 61 93 10
e 93 61 11
e 72 71 1
e 38 57 2
e 13 78 10
e 78 13 11
e 76 12 10
e 12 76 11
e 64 62 1
e 31 66 10
e 66 31 11
e 61 91 10
e 91 61 11
e 46 44 10
e 44 46 11
e 62 53 9
e 10 23 2
e 41 58 10
e 58 41 11
e 82 95 10
e 95 82 11
e 82 58 10
e 58 82 11
e 29 48 2
e 78 9 10
e 9 78 11
e 94 2 10
e 2 94 11
e 52 53 10
e 53 52 11
e 7 58 9
e 13 8 10
e 8 13 11
e 66 50 10
e 50 66 11
e 76 53 10
e 53 76 11
e 31 52 10
e 52 31 11
e 39 58 4
e 61 83 6
e 22 50 10
e 50 22 11
e 65 54 9
e 95 58 10
e 58 95 11
e 76 80 6
e 8 54 10
e 54 8 11
e 59 55 10
e 55 59 11
e 31 54 10
e 54 31 11
e 69 37 4
e 25 23 10
e 23 25 11
e 86 58 10
e 58 86 11
e 34 31 9
e 86 84 1
e 22 54 10
e 54 22 11
e 78 74 10
e 74 78 11
e 52 78 10
e 78 52 11
e 86 95 10
e 95 86 11
e 69 59 4
e 72 58 10
e 58 72 11
e 66 86 10
e 86 66 11
e 66 95 10
e 95 66 11
e 53 50 10
e 50 53 11
e 78 72 10
e 72 78 11
e 52 54 10
e 54 52 11
e 64 9 10
e 9 64 11
e 76 50 10
e 50 76 11
e 31 72 10
e 72 31 11
e 76 54 10
e 54 76 11
e 88 83 10
e 83 88 11
e 94 6 2
e 82 8 10
e 8 82 11
e 22 82 10
e 82 22 11
e 52 64 10
e 64 52 11
e 12 87 10
e 87 12 11
e 41 39 1
e 51 78 4
e 82 50 10
e 50 82 11
e 17 50 10
e 50 17 11
e 93 90 10
e 90 93 11
e 8 50 10
e 50 8 11
e 76 95 10
e 95 76 11
e 22 13 10
e 13 22 11
e 41 54 10
e 54 41 11
e 0 17 4
e 17 53 10
e 53 17 11
e 76 83 10
e 83 76 11
e 13 52 10
e 52 13 11
e 58 54 10
e 54 58 11
e 69 6 4
e 54 50 10
e 50 54 11
e 61 50 10
e 50 61 11
e 26 25 9
e 31 64 10
e 64 31 11
e 73 91 4
e 66 65 1
e 78 58 10
e 58 78 11
e 95 9 10
e 9 95 11
e 86 54 10
e 54 86 11
e 76 80 10
e 80 76 11
e 74 91 10
e 91 74 11
e 5 2 10
e 2 5 11
e 3 23 4
e 22 31 10
e 31 22 11
e 69 27 4
e 52 9 10
e 9 52 11
e 13 91 10
e 91 13 11
e 61 12 10
e 12 61 11
e 80 86 10
e 86 80 11
e 61 90 10
e 90 61 11
e 13 9 10
e 9 13 11
e 72 95 10
e 95 72 11
e 64 86 10
e 86 64 11
e 73 95 4
e 13 72 10
e 72 13 11
e 32 48 4
e 52 82 10
e 82 52 11
e 18 14 9
e 39 53 4
e 31 91 10
e 91 31 11
e 78 8 10
e 8 78 11
e 40 57 4
e 6 5 10
e 5 6 11
e 64 8 10
e 8 64 11
e 31 82 10
e 82 31 11
e 9 54 10
e 54 9 11
e 76 87 10
e 87 76 11
e 70 93 9
e 61 17 10
e 17 61 11
e 86 95 9
e 72 82 9
e 8 66 9
-
t # 15 U 1
v 0 2
v 1 51
v 2 50
v 3 2
v 4 137
v 5 47
v 6 144
v 7 229
v 8 103
v 9 230
v 10 231
v 11 232
v 12 233
v 13 183
v 14 2
v 15 105
v 16 54
v 17 28
v 18 49
v 19 141
v 20 229
v 21 37
v 22 36
v 23 2
v 24 230
e 22 24 10
e 24 22 11
e 18 5 10
e 5 18 11
e 15 9 10
e 9 15 11
e 1 15 4
e 6 7 9
e 18 24 10
e 24 18 11
e 13 5 9
e 10 17 9
e 4 3 1
e 18 2 10
e 2 18 11
e 14 24 4
e 18 22 10
e 22 18 11
e 2 17 10
e 17 2 11
e 5 15 10
e 15 5 11
e 15 4 10
e 4 15 11
e 22 9 10
e 9 22 11
e 10 7 4
e 22 15 10
e 15 22 11
e 2 1 1
e 18 4 10
e 4 18 11
e 16 2 4
e 24 23 1
e 21 5 9
e 9 0 1
e 22 5 10
e 5 22 11
e 12 11 9
e 22 17 10
e 17 22 11
e 9 17 10
e 17 9 11
e 18 16 1
e 2 15 10
e 15 2 11
e 5 9 10
e 9 5 11
e 5 4 10
e 4 5 11
e 8 18 9
e 19 20 9
e 18 9 10
e 9 18 11
e 18 15 10
e 15 18 11
e 15 14 1
e 2 4 10
e 4 2 11
e 24 9 10
e 9 24 11
e 22 21 1
e 15 17 10
e 17 15 11
e 24 17 10
e 17 24 11
e 2 9 10
e 9 2 11
e 1 4 4
e 5 17 10
e 17 5 11
e 10 20 4
e 18 17 10
e 17 18 11
e 3 9 4
e 5 24 10
e 24 5 11
e 4 17 10
e 17 4 11
e 2 24 10
e 24 2 11
e 15 24 10
e 24 15 11
e 22 2 10
e 2 22 11
e 4 9 10
e 9 4 11
e 5 2 10
e 2 5 11
e 16 5 4
e 24 4 10
e 4 24 11
e 11 10 1
e 22 4 10
e 4 22 11
e 9 7 9
e 24 20 9
-
t # 16 U 1
v 0 28
v 1 153
v 2 234
v 3 10
v 4 54
v 5 235
v 6 49
v 7 51
v 8 236
v 9 50
v 10 37
v 11 47
v 12 36
v 13 191
v 14 237
e 4 11 4
e 2 1 1
e 2 6 10
e 6 2 11
e 11 0 10
e 0 11 11
e 6 4 1
e 2 9 10
e 9 2 11
e 7 0 9
e 12 3 10
e 3 12 11
e 12 0 10
e 0 12 11
e 3 9 10
e 9 3 11
e 13 6 9
e 3 11 10
e 11 3 11
e 14 2 9
e 12 9 10
e 9 12 11
e 3 0 10
e 0 3 11
e 6 12 10
e 12 6 11
e 6 9 10
e 9 6 11
e 2 3 10
e 3 2 11
e 6 3 10
e 3 6 11
e 4 9 4
e 9 0 10
e 0 9 11
e 9 7 1
e 5 3 9
e 1 11 9
e 6 11 10
e 11 6 11
e 12 11 10
e 11 12 11
e 12 10 1
e 10 11 9
e 6 0 10
e 0 6 11
e 10 3 4
e 11 9 10
e 9 11 11
e 2 0 10
e 0 2 11
e 8 6 9
e 2 11 10
e 11 2 11
e 2 12 10
e 12 2 11
-
t # 17 U 1
v 0 238
v 1 2
v 2 239
v 3 240
v 4 2
v 5 47
v 6 105
v 7 241
v 8 242
v 9 37
v 10 2
v 11 243
v 12 28
v 13 36
v 14 244
v 15 51
v 16 245
v 17 246
v 18 182
v 19 238
v 20 54
v 21 49
v 22 2
v 23 239
v 24 2
v 25 247
v 26 137
v 27 133
v 28 248
v 29 2
v 30 18
v 31 249
v 32 10
v 33 2
v 34 250
v 35 164
v 36 251
e 21 14 10
e 14 21 11
e 18 27 10
e 27 18 11
e 26 23 10
e 23 26 11
e 8 0 9
e 28 27 9
e 13 14 10
e 14 13 11
e 13 31 10
e 31 13 11
e 14 19 10
e 19 14 11
e 6 12 10
e 12 6 11
e 13 2 10
e 2 13 11
e 31 23 10
e 23 31 11
e 18 2 10
e 2 18 11
e 30 35 4
e 26 24 1
e 2 23 10
e 23 2 11
e 6 31 10
e 31 6 11
e 35 2 10
e 2 35 11
e 32 0 10
e 0 32 11
e 21 31 10
e 31 21 11
e 18 14 10
e 14 18 11
e 27 12 10
e 12 27 11
e 35 33 1
e 18 31 10
e 31 18 11
e 5 2 10
e 2 5 11
e 32 27 10
e 27 32 11
e 18 15 1
e 20 5 4
e 9 5 9
e 13 18 10
e 18 13 11
e 13 9 1
e 16 31 4
e 26 19 10
e 19 26 11
e 13 32 10
e 32 13 11
e 20 18 4
e 5 23 10
e 23 5 11
e 25 12 9
e 35 27 10
e 27 35 11
e 18 6 10
e 6 18 11
e 6 2 10
e 2 6 11
e 13 6 10
e 6 13 11
e 5 31 10
e 31 5 11
e 35 32 10
e 32 35 11
e 35 0 10
e 0 35 11
e 14 31 10
e 31 14 11
e 35 12 10
e 12 35 11
e 26 14 10
e 14 26 11
e 21 12 10
e 12 21 11
e 14 2 10
e 2 14 11
e 6 27 10
e 27 6 11
e 2 19 10
e 19 2 11
e 27 23 10
e 23 27 11
e 11 5 9
e 6 23 10
e 23 6 11
e 21 26 10
e 26 21 11
e 21 23 10
e 23 21 11
e 19 12 10
e 12 19 11
e 13 12 10
e 12 13 11
e 26 0 10
e 0 26 11
e 25 0 4
e 13 26 10
e 26 13 11
e 26 27 10
e 27 26 11
e 14 0 10
e 0 14 11
e 35 26 10
e 26 35 11
e 35 5 10
e 5 35 11
e 14 10 1
e 26 12 10
e 12 26 11
e 32 23 10
e 23 32 11
e 23 22 1
e 34 14 4
e 2 12 10
e 12 2 11
e 26 6 10
e 6 26 11
e 6 4 1
e 13 5 10
e 5 13 11
e 21 0 10
e 0 21 11
e 2 0 10
e 0 2 11
e 32 14 10
e 14 32 11
e 32 31 10
e 31 32 11
e 21 18 10
e 18 21 11
e 27 14 10
e 14 27 11
e 32 5 10
e 5 32 11
e 13 19 10
e 19 13 11
e 14 23 10
e 23 14 11
e 27 2 10
e 2 27 11
e 31 29 1
e 5 0 10
e 0 5 11
e 14 12 10
e 12 14 11
e 35 6 10
e 6 35 11
e 27 25 1
e 0 12 10
e 12 0 11
e 32 18 10
e 18 32 11
e 21 27 10
e 27 21 11
e 9 32 4
e 21 32 10
e 32 21 11
e 6 14 10
e 14 6 11
e 15 26 4
e 32 6 10
e 6 32 11
e 5 26 10
e 26 5 11
e 15 6 4
e 21 35 10
e 35 21 11
e 18 26 10
e 26 18 11
e 32 26 10
e 26 32 11
e 35 19 10
e 19 35 11
e 18 0 10
e 0 18 11
e 2 1 1
e 35 18 10
e 18 35 11
e 0 23 10
e 23 0 11
e 27 31 10
e 31 27 11
e 21 6 10
e 6 21 11
e 13 23 10
e 23 13 11
e 36 34 1
e 27 19 10
e 19 27 11
e 5 6 10
e 6 5 11
e 5 18 10
e 18 5 11
e 5 14 10
e 14 5 11
e 35 31 10
e 31 35 11
e 5 19 10
e 19 5 11
e 21 2 10
e 2 21 11
e 18 19 10
e 19 18 11
e 18 12 10
e 12 18 11
e 35 23 10
e 23 35 11
e 23 19 10
e 19 23 11
e 32 19 10
e 19 32 11
e 21 19 10
e 19 21 11
e 13 35 10
e 35 13 11
e 0 19 10
e 19 0 11
e 13 0 10
e 0 13 11
e 13 27 10
e 27 13 11
e 21 5 10
e 5 21 11
e 26 2 10
e 2 26 11
e 35 14 10
e 14 35 11
e 27 0 10
e 0 27 11
e 18 23 10
e 23 18 11
e 23 12 10
e 12 23 11
e 31 12 10
e 12 31 11
e 32 2 10
e 2 32 11
e 17 16 1
e 7 19 9
e 26 31 10
e 31 26 11
e 31 19 10
e 19 31 11
e 6 0 10
e 0 6 11
e 5 27 10
e 27 5 11
e 0 31 10
e 31 0 11
e 5 12 10
e 12 5 11
e 21 20 1
e 2 31 10
e 31 2 11
e 32 12 10
e 12 32 11
e 25 19 4
e 3 21 9
e 6 19 10
e 19 6 11
e 21 13 10
e 13 21 11
e 6 17 9
e 2 0 9
e 26 36 9
e 14 2 9
e 31 23 9
e 23 19 9
e 35 32 9
-
t # 18 U 1
v 0 49
v 1 206
v 2 252
v 3 77
v 4 28
v 5 47
v 6 2
v 7 105
v 8 2
v 9 253
v 10 144
v 11 254
v 12 255
v 13 141
v 14 245
v 15 51
v 16 50
v 17 246
v 18 37
v 19 256
v 20 2
v 21 36
v 22 137
v 23 257
v 24 233
v 25 54
v 26 110
v 27 10
v 28 254
v 29 2
v 30 250
v 31 251
v 32 258
e 0 27 10
e 27 0 11
e 16 15 1
e 32 7 10
e 7 32 11
e 9 5 10
e 5 9 11
e 32 29 1
e 21 9 10
e 9 21 11
e 21 22 10
e 22 21 11
e 0 16 10
e 16 0 11
e 9 32 10
e 32 9 11
e 19 28 4
e 8 32 4
e 0 25 1
e 32 5 10
e 5 32 11
e 18 5 9
e 9 4 10
e 4 9 11
e 31 30 1
e 32 22 10
e 22 32 11
e 27 7 10
e 7 27 11
e 25 5 4
e 2 9 4
e 27 22 10
e 22 27 11
e 26 5 9
e 7 6 1
e 9 27 10
e 27 9 11
e 27 5 10
e 5 27 11
e 13 9 9
e 13 28 9
e 21 32 10
e 32 21 11
e 16 22 10
e 22 16 11
e 5 22 10
e 22 5 11
e 5 7 10
e 7 5 11
e 22 7 10
e 7 22 11
e 21 18 1
e 9 8 1
e 0 22 10
e 22 0 11
e 32 16 10
e 16 32 11
e 21 7 10
e 7 21 11
e 32 27 10
e 27 32 11
e 15 7 4
e 9 7 10
e 7 9 11
e 27 4 10
e 4 27 11
e 16 4 10
e 4 16 11
e 0 7 10
e 7 0 11
e 5 4 10
e 4 5 11
e 3 32 9
e 12 9 9
e 7 4 10
e 4 7 11
e 21 16 10
e 16 21 11
e 22 20 1
e 21 5 10
e 5 21 11
e 18 27 4
e 21 27 10
e 27 21 11
e 30 28 9
e 0 5 10
e 5 0 11
e 0 9 10
e 9 0 11
e 15 22 4
e 16 7 10
e 7 16 11
e 23 19 1
e 0 4 10
e 4 0 11
e 0 32 10
e 32 0 11
e 25 16 4
e 19 11 4
e 19 4 9
e 14 11 9
e 9 16 10
e 16 9 11
e 24 23 9
e 17 14 1
e 5 16 10
e 16 5 11
e 10 11 9
e 21 4 10
e 4 21 11
e 32 4 10
e 4 32 11
e 1 0 9
e 22 4 10
e 4 22 11
e 0 21 10
e 21 0 11
e 9 22 10
e 22 9 11
e 27 16 10
e 16 27 11
e 22 31 9
e 7 17 9
e 32 27 9
-
t # 19 U 1
v 0 18
v 1 47
v 2 2
v 3 164
v 4 2
v 5 137
v 6 110
v 7 28
v 8 37
v 9 54
v 10 51
v 11 2
v 12 36
v 13 49
v 14 182
v 15 230
v 16 103
e 13 15 10
e 15 13 11
e 13 3 10
e 3 13 11
e 3 7 10
e 7 3 11
e 3 5 10
e 5 3 11
e 5 15 10
e 15 5 11
e 8 1 9
e 15 7 10
e 7 15 11
e 1 5 10
e 5 1 11
e 13 7 10
e 7 13 11
e 1 15 10
e 15 1 11
e 15 11 1
e 3 2 1
e 9 14 4
e 12 7 10
e 7 12 11
e 14 7 10
e 7 14 11
e 14 5 10
e 5 14 11
e 13 9 1
e 5 4 1
e 12 15 10
e 15 12 11
e 13 1 10
e 1 13 11
e 13 12 10
e 12 13 11
e 5 7 10
e 7 5 11
e 0 3 4
e 10 5 4
e 12 14 10
e 14 12 11
e 4 15 4
e 13 5 10
e 5 13 11
e 12 5 10
e 5 12 11
e 14 10 1
e 1 7 10
e 7 1 11
e 13 14 10
e 14 13 11
e 3 15 10
e 15 3 11
e 1 14 10
e 14 1 11
e 12 8 1
e 3 12 10
e 12 3 11
e 3 14 10
e 14 3 11
e 6 1 9
e 14 15 10
e 15 14 11
e 12 1 10
e 1 12 11
e 16 13 9
e 9 1 4
e 3 1 10
e 1 3 11
e 15 7 9
e 3 12 9
-
t # 20 U 1
v 0 138
v 1 37
v 2 238
v 3 36
v 4 259
v 5 140
v 6 2
v 7 2
v 8 260
v 9 139
v 10 261
v 11 2
v 12 47
v 13 2
v 14 262
v 15 105
v 16 2
v 17 247
v 18 2
v 19 132
v 20 263
v 21 264
v 22 2
v 23 238
v 24 136
v 25 51
v 26 135
v 27 50
v 28 2
v 29 260
v 30 258
v 31 54
v 32 265
v 33 2
v 34 2
v 35 77
v 36 49
v 37 266
v 38 137
v 39 267
v 40 133
v 41 268
v 42 269
v 43 28
v 44 270
e 30 0 10
e 0 30 11
e 31 12 4
e 3 23 10
e 23 3 11
e 29 28 1
e 3 38 10
e 38 3 11
e 29 8 10
e 8 29 11
e 30 3 10
e 3 30 11
e 41 36 9
e 36 10 10
e 10 36 11
e 32 12 9
e 15 29 10
e 29 15 11
e 3 27 10
e 27 3 11
e 19 2 10
e 2 19 11
e 10 43 10
e 43 10 11
e 9 5 1
e 12 0 10
e 0 12 11
e 14 2 10
e 2 14 11
e 1 12 9
e 40 29 10
e 29 40 11
e 36 31 1
e 27 43 10
e 43 27 11
e 14 3 10
e 3 14 11
e 0 16 1
e 29 23 10
e 23 29 11
e 0 23 10
e 23 0 11
e 39 19 10
e 19 39 11
e 8 43 10
e 43 8 11
e 30 29 10
e 29 30 11
e 15 8 10
e 8 15 11
e 10 23 10
e 23 10 11
e 42 40 9
e 27 2 10
e 2 27 11
e 39 29 10
e 29 39 11
e 10 19 10
e 19 10 11
e 38 29 10
e 29 38 11
e 36 30 10
e 30 36 11
e 39 15 10
e 15 39 11
e 36 27 10
e 27 36 11
e 21 2 9
e 39 43 10
e 43 39 11
e 36 14 10
e 14 36 11
e 12 40 10
e 40 12 11
e 10 2 10
e 2 10 11
e 10 40 10
e 40 10 11
e 12 27 10
e 27 12 11
e 12 8 10
e 8 12 11
e 22 39 4
e 30 27 10
e 27 30 11
e 12 29 10
e 29 12 11
e 0 2 10
e 2 0 11
e 3 8 10
e 8 3 11
e 15 43 10
e 43 15 11
e 4 23 9
e 38 43 10
e 43 38 11
e 10 30 10
e 30 10 11
e 10 29 10
e 29 10 11
e 38 23 10
e 23 38 11
e 40 2 10
e 2 40 11
e 27 8 10
e 8 27 11
e 23 43 10
e 43 23 11
e 30 43 10
e 43 30 11
e 17 23 4
e 15 2 10
e 2 15 11
e 15 0 10
e 0 15 11
e 2 43 10
e 43 2 11
e 12 43 10
e 43 12 11
e 39 30 10
e 30 39 11
e 3 15 10
e 15 3 11
e 3 2 10
e 2 3 11
e 14 29 10
e 29 14 11
e 35 8 4
e 0 43 10
e 43 0 11
e 39 34 1
e 40 17 1
e 30 38 10
e 38 30 11
e 0 29 10
e 29 0 11
e 8 2 10
e 2 8 11
e 30 2 10
e 2 30 11
e 34 30 4
e 15 13 1
e 14 15 10
e 15 14 11
e 10 15 10
e 15 10 11
e 30 19 10
e 19 30 11
e 40 8 10
e 8 40 11
e 27 38 10
e 38 27 11
e 15 23 10
e 23 15 11
e 3 0 10
e 0 3 11
e 10 0 10
e 0 10 11
e 10 8 10
e 8 10 11
e 3 43 10
e 43 3 11
e 36 2 10
e 2 36 11
e 19 43 10
e 43 19 11
e 14 0 10
e 0 14 11
e 29 2 10
e 2 29 11
e 27 40 10
e 40 27 11
e 14 23 10
e 23 14 11
e 5 19 4
e 30 15 10
e 15 30 11
e 36 12 10
e 12 36 11
e 14 10 10
e 10 14 11
e 38 2 10
e 2 38 11
e 36 3 10
e 3 36 11
e 14 8 10
e 8 14 11
e 39 40 10
e 40 39 11
e 14 11 1
e 38 8 10
e 8 38 11
e 23 8 10
e 8 23 11
e 36 43 10
e 43 36 11
e 35 29 4
e 12 19 10
e 19 12 11
e 38 0 10
e 0 38 11
e 0 8 10
e 8 0 11
e 23 19 10
e 19 23 11
e 26 24 1
e 20 39 9
e 39 0 10
e 0 39 11
e 37 14 4
e 15 19 10
e 19 15 11
e 39 8 10
e 8 39 11
e 36 0 10
e 0 36 11
e 11 10 4
e 27 29 10
e 29 27 11
e 36 38 10
e 38 36 11
e 29 19 10
e 19 29 11
e 25 15 4
e 40 43 10
e 43 40 11
e 30 12 10
e 12 30 11
e 10 38 10
e 38 10 11
e 30 7 1
e 17 2 4
e 12 15 10
e 15 12 11
e 25 38 4
e 14 27 10
e 27 14 11
e 39 12 10
e 12 39 11
e 12 38 10
e 38 12 11
e 38 33 1
e 39 38 10
e 38 39 11
e 29 43 10
e 43 29 11
e 31 27 4
e 36 40 10
e 40 36 11
e 12 23 10
e 23 12 11
e 44 39 9
e 10 27 10
e 27 10 11
e 36 8 10
e 8 36 11
e 38 19 10
e 19 38 11
e 14 12 10
e 12 14 11
e 14 38 10
e 38 14 11
e 27 25 1
e 23 2 10
e 2 23 11
e 10 12 10
e 12 10 11
e 14 30 10
e 30 14 11
e 36 23 10
e 23 36 11
e 36 29 10
e 29 36 11
e 30 23 10
e 23 30 11
e 36 39 10
e 39 36 11
e 38 40 10
e 40 38 11
e 40 0 10
e 0 40 11
e 14 39 10
e 39 14 11
e 27 15 10
e 15 27 11
e 30 8 10
e 8 30 11
e 24 0 4
e 3 40 10
e 40 3 11
e 27 19 10
e 19 27 11
e 19 8 10
e 8 19 11
e 3 12 10
e 12 3 11
e 3 19 10
e 19 3 11
e 39 27 10
e 27 39 11
e 19 18 1
e 8 6 1
e 14 19 10
e 19 14 11
e 38 15 10
e 15 38 11
e 3 1 1
e 17 43 9
e 40 19 10
e 19 40 11
e 0 19 10
e 19 0 11
e 40 23 10
e 23 40 11
e 30 40 10
e 40 30 11
e 3 29 10
e 29 3 11
e 36 15 10
e 15 36 11
e 27 0 10
e 0 27 11
e 39 23 10
e 23 39 11
e 14 43 10
e 43 14 11
e 10 39 10
e 39 10 11
e 12 2 10
e 2 12 11
e 36 19 10
e 19 36 11
e 14 40 10
e 40 14 11
e 10 22 1
e 27 23 10
e 23 27 11
e 10 3 10
e 3 10 11
e 39 3 10
e 3 39 11
e 15 40 10
e 40 15 11
e 39 2 10
e 2 39 11
e 29 23 9
e 38 9 9
e 8 2 9
e 30 3 9
e 0 29 9
e 19 8 9
e 15 26 9
-
t # 21 U 1
v 0 123
v 1 161
v 2 222
v 3 271
v 4 223
v 5 37
v 6 272
v 7 271
v 8 1
v 9 47
v 10 273
v 11 274
v 12 275
v 13 206
v 14 276
v 15 277
v 16 51
v 17 50
v 18 278
v 19 53
v 20 275
v 21 218
v 22 219
v 23 279
v 24 53
v 25 137
v 26 280
v 27 108
v 28 281
v 29 2
v 30 202
v 31 275
v 32 282
v 33 105
v 34 283
v 35 284
v 36 2
v 37 285
v 38 39
v 39 272
v 40 222
v 41 286
v 42 287
v 43 223
v 44 288
v 45 2
v 46 275
v 47 54
v 48 49
v 49 289
v 50 104
v 51 290
v 52 53
v 53 275
v 54 291
v 55 161
v 56 292
v 57 160
v 58 36
v 59 293
e 56 44 4
e 43 34 10
e 34 43 11
e 52 57 9
e 58 42 10
e 42 58 11
e 2 14 9
e 9 53 10
e 53 9 11
e 16 25 4
e 49 14 9
e 46 42 10
e 42 46 11
e 9 43 10
e 43 9 11
e 39 14 10
e 14 39 11
e 39 28 10
e 28 39 11
e 10 42 10
e 42 10 11
e 48 14 10
e 14 48 11
e 25 10 10
e 10 25 11
e 57 55 1
e 33 37 10
e 37 33 11
e 28 10 10
e 10 28 11
e 17 27 10
e 27 17 11
e 58 33 10
e 33 58 11
e 10 4 10
e 4 10 11
e 4 2 1
e 44 17 10
e 17 44 11
e 44 25 10
e 25 44 11
e 22 14 9
e 31 48 10
e 48 31 11
e 31 57 10
e 57 31 11
e 8 14 10
e 14 8 11
e 25 37 10
e 37 25 11
e 12 43 10
e 43 12 11
e 44 4 10
e 4 44 11
e 53 28 10
e 28 53 11
e 20 28 10
e 28 20 11
e 39 48 10
e 48 39 11
e 44 31 10
e 31 44 11
e 39 43 10
e 43 39 11
e 41 37 4
e 58 20 10
e 20 58 11
e 25 53 10
e 53 25 11
e 0 42 9
e 6 20 10
e 20 6 11
e 53 4 10
e 4 53 11
e 8 34 10
e 34 8 11
e 14 11 1
e 39 17 10
e 17 39 11
e 31 37 10
e 37 31 11
e 31 9 10
e 9 31 11
e 44 58 10
e 58 44 11
e 12 8 10
e 8 12 11
e 39 57 10
e 57 39 11
e 35 43 9
e 14 34 10
e 34 14 11
e 48 10 10
e 10 48 11
e 8 10 10
e 10 8 11
e 27 14 10
e 14 27 11
e 9 10 10
e 10 9 11
e 25 46 10
e 46 25 11
e 55 1 1
e 53 27 10
e 27 53 11
e 44 10 10
e 10 44 11
e 12 33 10
e 33 12 11
e 48 20 10
e 20 48 11
e 28 14 10
e 14 28 11
e 26 14 9
e 43 40 1
e 17 34 10
e 34 17 11
e 17 6 10
e 6 17 11
e 48 4 10
e 4 48 11
e 46 14 10
e 14 46 11
e 12 34 10
e 34 12 11
e 17 37 10
e 37 17 11
e 53 14 10
e 14 53 11
e 57 4 10
e 4 57 11
e 21 20 9
e 20 27 10
e 27 20 11
e 20 43 10
e 43 20 11
e 31 17 10
e 17 31 11
e 44 39 10
e 39 44 11
e 25 34 10
e 34 25 11
e 12 25 10
e 25 12 11
e 33 34 10
e 34 33 11
e 25 57 10
e 57 25 11
e 31 58 10
e 58 31 11
e 44 34 10
e 34 44 11
e 44 48 10
e 48 44 11
e 6 42 10
e 42 6 11
e 27 8 10
e 8 27 11
e 9 14 10
e 14 9 11
e 12 14 10
e 14 12 11
e 58 27 10
e 27 58 11
e 39 34 10
e 34 39 11
e 12 27 10
e 27 12 11
e 43 42 10
e 42 43 11
e 17 33 10
e 33 17 11
e 12 39 10
e 39 12 11
e 46 6 10
e 6 46 11
e 25 28 10
e 28 25 11
e 48 34 10
e 34 48 11
e 33 8 10
e 8 33 11
e 48 33 10
e 33 48 11
e 39 10 10
e 10 39 11
e 7 10 9
e 27 57 10
e 57 27 11
e 44 33 10
e 33 44 11
e 48 28 10
e 28 48 11
e 17 28 10
e 28 17 11
e 53 20 10
e 20 53 11
e 27 49 1
e 13 12 9
e 48 53 10
e 53 48 11
e 27 10 10
e 10 27 11
e 23 20 9
e 46 10 10
e 10 46 11
e 37 27 10
e 27 37 11
e 15 12 9
e 58 4 10
e 4 58 11
e 43 14 10
e 14 43 11
e 31 53 10
e 53 31 11
e 25 27 10
e 27 25 11
e 39 46 10
e 46 39 11
e 56 14 4
e 48 6 10
e 6 48 11
e 31 34 10
e 34 31 11
e 5 9 9
e 12 37 10
e 37 12 11
e 12 6 10
e 6 12 11
e 37 43 10
e 43 37 11
e 56 34 4
e 28 41 1
e 53 57 10
e 57 53 11
e 55 14 9
e 47 17 4
e 9 42 10
e 42 9 11
e 33 28 10
e 28 33 11
e 48 46 10
e 46 48 11
e 48 47 1
e 9 57 10
e 57 9 11
e 31 29 1
e 6 37 10
e 37 6 11
e 31 25 10
e 25 31 11
e 25 14 10
e 14 25 11
e 17 16 1
e 17 57 10
e 57 17 11
e 17 46 10
e 46 17 11
e 48 8 10
e 8 48 11
e 3 4 9
e 37 10 10
e 10 37 11
e 44 0 1
e 12 9 10
e 9 12 11
e 58 10 10
e 10 58 11
e 44 28 10
e 28 44 11
e 0 34 9
e 28 42 10
e 42 28 11
e 9 37 10
e 37 9 11
e 39 8 10
e 8 39 11
e 43 4 10
e 4 43 11
e 33 20 10
e 20 33 11
e 39 25 10
e 25 39 11
e 57 10 10
e 10 57 11
e 44 9 10
e 9 44 11
e 37 34 10
e 34 37 11
e 37 42 10
e 42 37 11
e 31 20 10
e 20 31 11
e 58 5 1
e 19 28 9
e 12 46 10
e 46 12 11
e 17 20 10
e 20 17 11
e 44 27 10
e 27 44 11
e 44 42 10
e 42 44 11
e 56 42 4
e 12 53 10
e 53 12 11
e 53 37 10
e 37 53 11
e 31 43 10
e 43 31 11
e 37 8 10
e 8 37 11
e 9 6 10
e 6 9 11
e 48 58 10
e 58 48 11
e 46 37 10
e 37 46 11
e 12 24 1
e 9 46 10
e 46 9 11
e 9 20 10
e 20 9 11
e 39 58 10
e 58 39 11
e 31 10 10
e 10 31 11
e 20 4 10
e 4 20 11
e 58 8 10
e 8 58 11
e 10 26 1
e 28 43 10
e 43 28 11
e 39 38 1
e 28 34 10
e 34 28 11
e 48 25 10
e 25 48 11
e 46 28 10
e 28 46 11
e 12 31 10
e 31 12 11
e 25 20 10
e 20 25 11
e 46 57 10
e 57 46 11
e 20 10 10
e 10 20 11
e 9 25 10
e 25 9 11
e 58 57 10
e 57 58 11
e 20 34 10
e 34 20 11
e 48 17 10
e 17 48 11
e 31 46 10
e 46 31 11
e 48 27 10
e 27 48 11
e 31 33 10
e 33 31 11
e 33 4 10
e 4 33 11
e 7 4 9
e 58 28 10
e 28 58 11
e 46 8 10
e 8 46 11
e 6 28 10
e 28 6 11
e 39 33 10
e 33 39 11
e 53 42 10
e 42 53 11
e 53 46 10
e 46 53 11
e 39 20 10
e 20 39 11
e 30 27 9
e 31 8 10
e 8 31 11
e 37 4 10
e 4 37 11
e 31 42 10
e 42 31 11
e 44 6 10
e 6 44 11
e 17 25 10
e 25 17 11
e 20 14 10
e 14 20 11
e 46 20 10
e 20 46 11
e 54 53 9
e 12 58 10
e 58 12 11
e 27 43 10
e 43 27 11
e 6 27 10
e 27 6 11
e 4 14 10
e 14 4 11
e 28 57 10
e 57 28 11
e 17 4 10
e 4 17 11
e 44 20 10
e 20 44 11
e 31 39 10
e 39 31 11
e 37 36 1
e 58 46 10
e 46 58 11
e 25 4 10
e 4 25 11
e 28 27 10
e 27 28 11
e 25 22 1
e 37 14 10
e 14 37 11
e 27 34 10
e 34 27 11
e 27 42 10
e 42 27 11
e 20 8 10
e 8 20 11
e 53 10 10
e 10 53 11
e 4 34 10
e 34 4 11
e 8 4 10
e 4 8 11
e 9 17 10
e 17 9 11
e 31 14 10
e 14 31 11
e 32 31 9
e 44 53 10
e 53 44 11
e 34 42 10
e 42 34 11
e 17 8 10
e 8 17 11
e 57 14 10
e 14 57 11
e 8 42 10
e 42 8 11
e 0 20 4
e 6 3 1
e 18 31 9
e 53 8 10
e 8 53 11
e 6 34 10
e 34 6 11
e 44 43 10
e 43 44 11
e 33 46 10
e 46 33 11
e 6 43 10
e 43 6 11
e 16 33 4
e 5 34 9
e 58 43 10
e 43 58 11
e 50 37 9
e 6 4 10
e 4 6 11
e 39 6 10
e 6 39 11
e 33 30 1
e 37 57 10
e 57 37 11
e 9 28 10
e 28 9 11
e 10 14 10
e 14 10 11
e 12 48 10
e 48 12 11
e 44 46 10
e 46 44 11
e 30 34 9
e 44 12 10
e 12 44 11
e 24 48 9
e 58 53 10
e 53 58 11
e 0 31 4
e 25 6 10
e 6 25 11
e 48 42 10
e 42 48 11
e 58 14 10
e 14 58 11
e 10 43 10
e 43 10 11
e 44 14 10
e 14 44 11
e 33 14 10
e 14 33 11
e 31 4 10
e 4 31 11
e 58 34 10
e 34 58 11
e 25 33 10
e 33 25 11
e 46 45 1
e 33 27 10
e 27 33 11
e 57 43 10
e 43 57 11
e 46 4 10
e 4 46 11
e 6 8 10
e 8 6 11
e 12 4 10
e 4 12 11
e 36 27 4
e 31 28 10
e 28 31 11
e 50 48 9
e 9 34 10
e 34 9 11
e 33 53 10
e 53 33 11
e 33 42 10
e 42 33 11
e 48 9 10
e 9 48 11
e 12 17 10
e 17 12 11
e 46 27 10
e 27 46 11
e 17 14 10
e 14 17 11
e 53 34 10
e 34 53 11
e 14 42 10
e 42 14 11
e 58 6 10
e 6 58 11
e 9 27 10
e 27 9 11
e 48 57 10
e 57 48 11
e 33 10 10
e 10 33 11
e 51 4 9
e 7 43 9
e 8 43 10
e 43 8 11
e 53 6 10
e 6 53 11
e 39 53 10
e 53 39 11
e 39 42 10
e 42 39 11
e 31 27 10
e 27 31 11
e 0 46 4
e 17 53 10
e 53 17 11
e 20 37 10
e 37 20 11
e 12 42 10
e 42 12 11
e 12 28 10
e 28 12 11
e 39 27 10
e 27 39 11
e 28 4 10
e 4 28 11
e 28 8 10
e 8 28 11
e 9 4 10
e 4 9 11
e 58 17 10
e 17 58 11
e 25 43 10
e 43 25 11
e 28 37 10
e 37 28 11
e 10 34 10
e 34 10 11
e 53 43 10
e 43 53 11
e 0 12 4
e 33 6 10
e 6 33 11
e 58 25 10
e 25 58 11
e 17 42 10
e 42 17 11
e 38 9 9
e 33 57 10
e 57 33 11
e 9 33 10
e 33 9 11
e 58 9 10
e 9 58 11
e 20 57 10
e 57 20 11
e 25 42 10
e 42 25 11
e 9 8 10
e 8 9 11
e 40 14 9
e 17 43 10
e 43 17 11
e 11 42 9
e 1 14 9
e 39 9 10
e 9 39 11
e 33 43 10
e 43 33 11
e 47 9 4
e 12 20 10
e 20 12 11
e 46 34 10
e 34 46 11
e 20 42 10
e 42 20 11
e 12 57 10
e 57 12 11
e 58 37 10
e 37 58 11
e 46 43 10
e 43 46 11
e 57 8 10
e 8 57 11
e 53 52 1
e 57 34 10
e 34 57 11
e 20 19 1
e 44 37 10
e 37 44 11
e 48 43 10
e 43 48 11
e 39 4 10
e 4 39 11
e 6 10 10
e 10 6 11
e 12 10 10
e 10 12 11
e 48 37 10
e 37 48 11
e 6 57 10
e 57 6 11
e 8 7 1
e 39 37 10
e 37 39 11
e 25 8 10
e 8 25 11
e 31 6 10
e 6 31 11
e 4 42 10
e 42 4 11
e 59 46 9
e 0 53 4
e 17 10 10
e 10 17 11
e 57 42 10
e 42 57 11
e 6 14 10
e 14 6 11
e 44 57 10
e 57 44 11
e 27 4 10
e 4 27 11
e 44 8 10
e 8 44 11
e 46 6 9
e 31 39 9
-
t # 22 U 1
v 0 165
v 1 37
v 2 36
v 3 294
v 4 165
v 5 295
v 6 13
v 7 13
v 8 2
v 9 2
v 10 296
v 11 297
v 12 298
v 13 2
v 14 2
v 15 297
v 16 299
v 17 300
v 18 301
v 19 28
v 20 2
v 21 302
v 22 303
v 23 304
v 24 188
v 25 2
v 26 305
e 11 26 10
e 26 11 11
e 11 12 6
e 11 23 10
e 23 11 11
e 3 15 10
e 15 3 11
e 24 15 6
e 3 26 10
e 26 3 11
e 14 12 4
e 24 2 10
e 2 24 11
e 2 23 10
e 23 2 11
e 24 21 10
e 21 24 11
e 23 19 10
e 19 23 11
e 24 23 10
e 23 24 11
e 2 1 1
e 10 17 10
e 17 10 11
e 2 26 10
e 26 2 11
e 24 19 10
e 19 24 11
e 11 24 10
e 24 11 11
e 23 22 1
e 7 3 9
e 3 0 1
e 2 12 10
e 12 2 11
e 3 23 10
e 23 3 11
e 2 17 10
e 17 2 11
e 25 21 4
e 15 12 10
e 12 15 11
e 12 5 10
e 5 12 11
e 26 23 10
e 23 26 11
e 10 19 10
e 19 10 11
e 3 17 6
e 17 14 1
e 15 17 10
e 17 15 11
e 26 21 10
e 21 26 11
e 11 9 1
e 11 15 6
e 11 10 6
e 11 21 10
e 21 11 11
e 26 25 1
e 24 5 10
e 5 24 11
e 8 17 4
e 10 8 1
e 3 15 6
e 0 23 9
e 3 10 6
e 3 5 6
e 24 26 10
e 26 24 11
e 12 23 10
e 23 12 11
e 13 10 4
e 3 2 10
e 2 3 11
e 15 13 1
e 16 5 4
e 16 11 4
e 15 19 10
e 19 15 11
e 3 17 10
e 17 3 11
e 26 17 10
e 17 26 11
e 11 3 10
e 3 11 11
e 11 19 10
e 19 11 11
e 21 23 10
e 23 21 11
e 24 17 6
e 3 21 10
e 21 3 11
e 5 19 10
e 19 5 11
e 21 5 10
e 5 21 11
e 18 3 9
e 22 19 9
e 11 17 6
e 3 12 10
e 12 3 11
e 24 12 6
e 11 5 10
e 5 11 11
e 3 5 10
e 5 3 11
e 21 20 1
e 5 4 1
e 6 5 9
e 15 10 10
e 10 15 11
e 15 5 10
e 5 15 11
e 3 12 6
e 17 23 10
e 23 17 11
e 16 15 4
e 24 10 6
e 17 5 10
e 5 17 11
e 18 5 9
e 24 15 10
e 15 24 11
e 2 5 10
e 5 2 11
e 26 5 10
e 5 26 11
e 10 23 10
e 23 10 11
e 26 19 10
e 19 26 11
e 24 17 10
e 17 24 11
e 11 12 10
e 12 11 11
e 2 19 10
e 19 2 11
e 12 19 10
e 19 12 11
e 1 26 9
e 26 12 10
e 12 26 11
e 3 24 10
e 24 3 11
e 5 23 10
e 23 5 11
e 17 12 10
e 12 17 11
e 11 2 10
e 2 11 11
e 4 23 9
e 24 10 10
e 10 24 11
e 11 15 10
e 15 11 11
e 21 12 10
e 12 21 11
e 17 19 10
e 19 17 11
e 21 17 10
e 17 21 11
e 11 17 10
e 17 11 11
e 2 21 10
e 21 2 11
e 18 17 9
e 11 5 6
e 0 24 9
e 3 19 10
e 19 3 11
e 21 19 10
e 19 21 11
e 10 5 10
e 5 10 11
e 3 10 10
e 10 3 11
e 10 12 10
e 12 10 11
e 24 5 6
e 15 23 10
e 23 15 11
e 24 12 10
e 12 24 11
e 11 10 10
e 10 11 11
e 9 3 4
e 21 17 9
-
t # 23 U 1
v 0 54
v 1 280
v 2 49
v 3 134
v 4 306
v 5 307
v 6 236
v 7 308
v 8 233
v 9 309
v 10 310
v 11 311
v 12 312
v 13 313
v 14 314
v 15 315
v 16 316
v 17 269
v 18 50
v 19 317
v 20 280
v 21 306
v 22 47
v 23 37
v 24 318
v 25 319
v 26 320
v 27 36
v 28 280
v 29 306
v 30 321
v 31 280
v 32 306
v 33 150
v 34 322
v 35 280
v 36 306
v 37 2
v 38 323
v 39 137
v 40 142
v 41 324
v 42 325
v 43 142
v 44 51
v 45 28
v 46 144
v 47 326
v 48 2
v 49 105
v 50 280
v 51 306
v 52 327
v 53 328
v 54 329
e 53 43 9
e 32 36 10
e 36 32 11
e 25 40 10
e 40 25 11
e 9 40 10
e 40 9 11
e 2 22 10
e 22 2 11
e 51 2 10
e 2 51 11
e 25 42 10
e 42 25 11
e 40 45 10
e 45 40 11
e 42 43 10
e 43 42 11
e 41 14 9
e 29 43 10
e 43 29 11
e 2 40 10
e 40 2 11
e 25 7 10
e 7 25 11
e 9 43 10
e 43 9 11
e 14 2 10
e 2 14 11
e 2 49 10
e 49 2 11
e 32 11 10
e 11 32 11
e 9 2 10
e 2 9 11
e 21 27 10
e 27 21 11
e 25 36 10
e 36 25 11
e 29 18 10
e 18 29 11
e 6 2 9
e 2 7 10
e 7 2 11
e 51 18 10
e 18 51 11
e 22 49 10
e 49 22 11
e 4 51 10
e 51 4 11
e 51 49 10
e 49 51 11
e 29 2 10
e 2 29 11
e 25 2 10
e 2 25 11
e 17 36 9
e 21 39 10
e 39 21 11
e 14 40 10
e 40 14 11
e 18 7 10
e 7 18 11
e 21 7 10
e 7 21 11
e 7 3 1
e 51 27 10
e 27 51 11
e 11 43 10
e 43 11 11
e 21 40 10
e 40 21 11
e 4 7 10
e 7 4 11
e 14 49 10
e 49 14 11
e 42 39 10
e 39 42 11
e 51 43 10
e 43 51 11
e 42 18 10
e 18 42 11
e 34 40 9
e 27 39 10
e 39 27 11
e 2 39 10
e 39 2 11
e 11 45 10
e 45 11 11
e 15 14 10
e 14 15 11
e 2 0 1
e 32 43 10
e 43 32 11
e 22 39 10
e 39 22 11
e 4 32 10
e 32 4 11
e 29 27 10
e 27 29 11
e 29 7 10
e 7 29 11
e 36 18 10
e 18 36 11
e 42 2 10
e 2 42 11
e 11 21 10
e 21 11 11
e 9 36 10
e 36 9 11
e 9 42 10
e 42 9 11
e 9 14 10
e 14 9 11
e 39 43 10
e 43 39 11
e 7 43 10
e 43 7 11
e 44 39 4
e 2 27 10
e 27 2 11
e 15 45 10
e 45 15 11
e 25 24 1
e 32 27 10
e 27 32 11
e 4 18 10
e 18 4 11
e 9 49 10
e 49 9 11
e 21 14 10
e 14 21 11
e 43 40 10
e 40 43 11
e 22 7 10
e 7 22 11
e 35 11 9
e 27 43 10
e 43 27 11
e 5 4 9
e 15 32 10
e 32 15 11
e 11 51 10
e 51 11 11
e 39 49 10
e 49 39 11
e 25 43 10
e 43 25 11
e 18 40 10
e 40 18 11
e 18 39 10
e 39 18 11
e 39 40 10
e 40 39 11
e 3 40 4
e 21 51 10
e 51 21 11
e 18 49 10
e 49 18 11
e 14 22 10
e 22 14 11
e 15 49 10
e 49 15 11
e 29 51 10
e 51 29 11
e 54 43 9
e 17 32 9
e 25 18 10
e 18 25 11
e 9 25 10
e 25 9 11
e 29 42 10
e 42 29 11
e 22 43 10
e 43 22 11
e 4 22 10
e 22 4 11
e 27 22 10
e 22 27 11
e 25 21 10
e 21 25 11
e 39 7 10
e 7 39 11
e 4 45 10
e 45 4 11
e 51 50 1
e 42 27 10
e 27 42 11
e 29 39 10
e 39 29 11
e 42 49 10
e 49 42 11
e 16 40 9
e 29 45 10
e 45 29 11
e 2 43 10
e 43 2 11
e 42 41 1
e 49 43 10
e 43 49 11
e 14 45 10
e 45 14 11
e 15 18 10
e 18 15 11
e 51 45 10
e 45 51 11
e 15 27 10
e 27 15 11
e 21 42 10
e 42 21 11
e 9 7 10
e 7 9 11
e 14 12 1
e 31 11 9
e 11 18 10
e 18 11 11
e 28 42 9
e 36 14 10
e 14 36 11
e 21 22 10
e 22 21 11
e 30 29 9
e 9 21 10
e 21 9 11
e 9 51 10
e 51 9 11
e 0 18 4
e 7 40 10
e 40 7 11
e 25 27 10
e 27 25 11
e 32 39 10
e 39 32 11
e 27 40 10
e 40 27 11
e 15 29 10
e 29 15 11
e 51 7 10
e 7 51 11
e 51 22 10
e 22 51 11
e 9 29 10
e 29 9 11
e 15 39 10
e 39 15 11
e 15 9 10
e 9 15 11
e 2 18 10
e 18 2 11
e 15 25 10
e 25 15 11
e 11 49 10
e 49 11 11
e 8 7 9
e 39 37 1
e 4 1 1
e 4 27 10
e 27 4 11
e 32 18 10
e 18 32 11
e 42 22 10
e 22 42 11
e 11 42 10
e 42 11 11
e 14 43 10
e 43 14 11
e 15 4 10
e 4 15 11
e 32 45 10
e 45 32 11
e 14 7 10
e 7 14 11
e 44 49 4
e 49 48 1
e 14 27 10
e 27 14 11
e 9 27 10
e 27 9 11
e 32 2 10
e 2 32 11
e 36 40 10
e 40 36 11
e 43 45 10
e 45 43 11
e 21 49 10
e 49 21 11
e 33 54 1
e 11 40 10
e 40 11 11
e 29 21 10
e 21 29 11
e 29 14 10
e 14 29 11
e 4 49 10
e 49 4 11
e 15 7 10
e 7 15 11
e 11 27 10
e 27 11 11
e 0 22 4
e 4 43 10
e 43 4 11
e 32 42 10
e 42 32 11
e 4 40 10
e 40 4 11
e 13 9 9
e 19 32 9
e 36 21 10
e 21 36 11
e 36 51 10
e 51 36 11
e 27 49 10
e 49 27 11
e 36 22 10
e 22 36 11
e 39 45 10
e 45 39 11
e 38 36 9
e 3 43 4
e 15 21 10
e 21 15 11
e 15 11 10
e 11 15 11
e 21 2 10
e 2 21 11
e 32 49 10
e 49 32 11
e 49 7 10
e 7 49 11
e 4 42 10
e 42 4 11
e 32 31 1
e 2 45 10
e 45 2 11
e 15 43 10
e 43 15 11
e 42 40 10
e 40 42 11
e 42 51 10
e 51 42 11
e 15 51 10
e 51 15 11
e 32 40 10
e 40 32 11
e 1 25 9
e 27 18 10
e 18 27 11
e 32 14 10
e 14 32 11
e 21 43 10
e 43 21 11
e 36 45 10
e 45 36 11
e 12 22 9
e 21 20 1
e 4 2 10
e 2 4 11
e 36 43 10
e 43 36 11
e 36 2 10
e 2 36 11
e 36 11 10
e 11 36 11
e 46 14 9
e 22 18 10
e 18 22 11
e 25 49 10
e 49 25 11
e 42 14 10
e 14 42 11
e 14 39 10
e 39 14 11
e 4 14 10
e 14 4 11
e 4 25 10
e 25 4 11
e 11 22 10
e 22 11 11
e 25 32 10
e 32 25 11
e 11 39 10
e 39 11 11
e 51 14 10
e 14 51 11
e 7 45 10
e 45 7 11
e 15 22 10
e 22 15 11
e 4 39 10
e 39 4 11
e 15 2 10
e 2 15 11
e 3 45 9
e 32 21 10
e 21 32 11
e 51 39 10
e 39 51 11
e 32 29 10
e 29 32 11
e 11 14 10
e 14 11 11
e 32 22 10
e 22 32 11
e 32 51 10
e 51 32 11
e 25 14 10
e 14 25 11
e 4 29 10
e 29 4 11
e 36 27 10
e 27 36 11
e 36 7 10
e 7 36 11
e 4 11 10
e 11 4 11
e 24 11 9
e 14 18 10
e 18 14 11
e 9 45 10
e 45 9 11
e 29 22 10
e 22 29 11
e 27 23 1
e 4 36 10
e 36 4 11
e 18 44 1
e 32 7 10
e 7 32 11
e 15 13 1
e 15 36 10
e 36 15 11
e 20 42 9
e 36 29 10
e 29 36 11
e 49 45 10
e 45 49 11
e 25 11 10
e 11 25 11
e 23 22 9
e 21 45 10
e 45 21 11
e 18 45 10
e 45 18 11
e 9 22 10
e 22 9 11
e 27 45 10
e 45 27 11
e 9 11 10
e 11 9 11
e 50 14 9
e 9 32 10
e 32 9 11
e 42 45 10
e 45 42 11
e 11 2 10
e 2 11 11
e 29 28 1
e 9 39 10
e 39 9 11
e 26 21 9
e 29 40 10
e 40 29 11
e 25 51 10
e 51 25 11
e 36 42 10
e 42 36 11
e 47 16 1
e 11 10 1
e 11 29 10
e 29 11 11
e 52 51 9
e 25 22 10
e 22 25 11
e 25 39 10
e 39 25 11
e 25 29 10
e 29 25 11
e 36 49 10
e 49 36 11
e 21 18 10
e 18 21 11
e 27 7 10
e 7 27 11
e 15 40 10
e 40 15 11
e 36 39 10
e 39 36 11
e 4 21 10
e 21 4 11
e 11 7 10
e 7 11 11
e 25 45 10
e 45 25 11
e 10 14 9
e 22 40 10
e 40 22 11
e 15 42 10
e 42 15 11
e 29 49 10
e 49 29 11
e 51 40 10
e 40 51 11
e 22 45 10
e 45 22 11
e 49 40 10
e 40 49 11
e 9 18 10
e 18 9 11
e 36 35 1
e 18 43 10
e 43 18 11
e 9 4 10
e 4 9 11
e 42 7 10
e 7 42 11
e 49 47 9
e 39 33 9
-
t # 24 U 1
v 0 36
v 1 47
v 2 313
v 3 183
v 4 10
v 5 54
v 6 28
v 7 18
v 8 49
v 9 180
v 10 2
v 11 309
v 12 50
v 13 37
v 14 315
e 0 1 10
e 1 0 11
e 11 6 10
e 6 11 11
e 14 12 10
e 12 14 11
e 9 4 9
e 8 12 10
e 12 8 11
e 2 11 9
e 13 1 9
e 11 0 10
e 0 11 11
e 8 1 10
e 1 8 11
e 12 10 1
e 0 4 10
e 4 0 11
e 5 1 4
e 8 6 10
e 6 8 11
e 14 11 10
e 11 14 11
e 14 8 10
e 8 14 11
e 0 6 10
e 6 0 11
e 4 6 10
e 6 4 11
e 8 5 1
e 8 4 10
e 4 8 11
e 1 12 10
e 12 1 11
e 4 12 10
e 12 4 11
e 7 8 9
e 14 2 1
e 0 12 10
e 12 0 11
e 0 13 1
e 11 4 10
e 4 11 11
e 14 1 10
e 1 14 11
e 5 12 4
e 14 4 10
e 4 14 11
e 11 8 10
e 8 11 11
e 1 6 10
e 6 1 11
e 14 6 10
e 6 14 11
e 4 1 10
e 1 4 11
e 12 6 10
e 6 12 11
e 14 0 10
e 0 14 11
e 8 0 10
e 0 8 11
e 13 4 4
e 11 1 10
e 1 11 11
e 3 1 9
e 11 12 10
e 12 11 11
e 12 6 9
-
t # 25 U 1
v 0 10
v 1 2
v 2 164
v 3 330
v 4 165
v 5 331
v 6 332
v 7 28
v 8 28
v 9 53
v 10 333
v 11 334
v 12 335
v 13 336
v 14 337
v 15 338
v 16 2
v 17 78
v 18 339
v 19 340
v 20 183
v 21 341
v 22 165
v 23 18
v 24 18
v 25 2
v 26 342
v 27 165
v 28 2
v 29 343
v 30 8
v 31 43
v 32 164
v 33 37
v 34 2
v 35 170
v 36 344
v 37 345
v 38 77
v 39 346
v 40 347
v 41 348
v 42 2
v 43 339
v 44 28
v 45 349
v 46 13
v 47 350
v 48 351
v 49 352
e 22 43 9
e 15 18 10
e 18 15 11
e 35 43 10
e 43 35 11
e 35 32 10
e 32 35 11
e 47 43 10
e 43 47 11
e 47 13 10
e 13 47 11
e 30 44 10
e 44 30 11
e 47 32 10
e 32 47 11
e 6 4 1
e 21 32 10
e 32 21 11
e 3 43 4
e 20 14 9
e 35 5 10
e 5 35 11
e 15 29 10
e 29 15 11
e 5 43 10
e 43 5 11
e 0 6 10
e 6 0 11
e 47 12 10
e 12 47 11
e 36 35 9
e 5 7 10
e 7 5 11
e 21 18 10
e 18 21 11
e 2 13 10
e 13 2 11
e 39 5 9
e 13 11 10
e 11 13 11
e 19 37 10
e 37 19 11
e 13 19 10
e 19 13 11
e 35 15 10
e 15 35 11
e 2 15 10
e 15 2 11
e 20 15 9
e 12 6 10
e 6 12 11
e 15 8 10
e 8 15 11
e 47 19 10
e 19 47 11
e 35 37 10
e 37 35 11
e 4 18 9
e 0 18 10
e 18 0 11
e 19 43 10
e 43 19 11
e 0 8 10
e 8 0 11
e 2 18 10
e 18 2 11
e 47 15 10
e 15 47 11
e 33 13 9
e 47 35 10
e 35 47 11
e 29 28 1
e 19 21 10
e 21 19 11
e 2 29 10
e 29 2 11
e 37 34 1
e 14 7 6
e 13 29 10
e 29 13 11
e 13 21 10
e 21 13 11
e 19 18 10
e 18 19 11
e 47 45 1
e 24 32 4
e 12 15 10
e 15 12 11
e 21 43 10
e 43 21 11
e 21 29 10
e 29 21 11
e 35 6 10
e 6 35 11
e 15 6 10
e 6 15 11
e 2 0 10
e 0 2 11
e 32 43 10
e 43 32 11
e 2 37 10
e 37 2 11
e 2 21 10
e 21 2 11
e 0 5 10
e 5 0 11
e 14 8 6
e 2 8 10
e 8 2 11
e 24 6 9
e 21 6 10
e 6 21 11
e 0 7 10
e 7 0 11
e 18 16 1
e 19 8 10
e 8 19 11
e 35 8 10
e 8 35 11
e 49 44 10
e 44 49 11
e 5 6 10
e 6 5 11
e 5 3 1
e 35 21 10
e 21 35 11
e 15 32 10
e 32 15 11
e 29 32 10
e 32 29 11
e 39 47 9
e 43 7 10
e 7 43 11
e 47 11 10
e 11 47 11
e 35 19 10
e 19 35 11
e 10 19 4
e 18 8 10
e 8 18 11
e 5 37 10
e 37 5 11
e 6 8 10
e 8 6 11
e 12 18 10
e 18 12 11
e 19 27 1
e 13 8 10
e 8 13 11
e 5 29 10
e 29 5 11
e 12 21 10
e 21 12 11
e 12 10 1
e 12 32 10
e 32 12 11
e 3 15 4
e 21 11 10
e 11 21 11
e 2 6 10
e 6 2 11
e 2 12 10
e 12 2 11
e 35 0 10
e 0 35 11
e 11 9 1
e 15 7 10
e 7 15 11
e 5 32 10
e 32 5 11
e 12 19 10
e 19 12 11
e 47 8 10
e 8 47 11
e 2 5 10
e 5 2 11
e 0 11 10
e 11 0 11
e 47 5 10
e 5 47 11
e 0 15 10
e 15 0 11
e 13 18 10
e 18 13 11
e 35 12 10
e 12 35 11
e 32 37 10
e 37 32 11
e 48 15 9
e 21 48 1
e 0 21 10
e 21 0 11
e 30 49 10
e 49 30 11
e 17 13 9
e 2 7 10
e 7 2 11
e 35 18 10
e 18 35 11
e 2 43 10
e 43 2 11
e 30 26 2
e 13 5 10
e 5 13 11
e 0 29 10
e 29 0 11
e 31 49 9
e 12 43 10
e 43 12 11
e 21 15 10
e 15 21 11
e 0 43 10
e 43 0 11
e 19 7 10
e 7 19 11
e 40 2 9
e 0 19 10
e 19 0 11
e 32 7 10
e 7 32 11
e 47 0 10
e 0 47 11
e 19 29 10
e 29 19 11
e 21 37 10
e 37 21 11
e 15 11 10
e 11 15 11
e 2 11 10
e 11 2 11
e 0 12 10
e 12 0 11
e 2 1 1
e 13 7 10
e 7 13 11
e 12 5 10
e 5 12 11
e 45 12 4
e 19 11 10
e 11 19 11
e 35 29 10
e 29 35 11
e 5 11 10
e 11 5 11
e 19 32 10
e 32 19 11
e 47 7 10
e 7 47 11
e 23 2 4
e 29 43 10
e 43 29 11
e 40 29 4
e 29 7 10
e 7 29 11
e 41 14 9
e 5 18 10
e 18 5 11
e 21 5 10
e 5 21 11
e 13 6 10
e 6 13 11
e 13 12 10
e 12 13 11
e 13 43 10
e 43 13 11
e 31 26 4
e 46 44 9
e 9 8 9
e 35 13 10
e 13 35 11
e 12 29 10
e 29 12 11
e 40 11 9
e 12 11 10
e 11 12 11
e 31 30 9
e 12 7 10
e 7 12 11
e 43 42 1
e 18 11 10
e 11 18 11
e 6 11 10
e 11 6 11
e 13 37 10
e 37 13 11
e 19 15 10
e 15 19 11
e 26 44 10
e 44 26 11
e 0 37 10
e 37 0 11
e 30 26 10
e 26 30 11
e 30 49 2
e 47 6 10
e 6 47 11
e 26 49 10
e 49 26 11
e 45 13 4
e 27 21 9
e 2 19 10
e 19 2 11
e 15 37 10
e 37 15 11
e 33 0 4
e 12 8 10
e 8 12 11
e 2 32 10
e 32 2 11
e 12 37 10
e 37 12 11
e 26 25 1
e 32 22 1
e 37 7 10
e 7 37 11
e 47 18 10
e 18 47 11
e 47 21 10
e 21 47 11
e 35 7 10
e 7 35 11
e 47 29 10
e 29 47 11
e 39 21 9
e 38 49 4
e 15 43 10
e 43 15 11
e 21 7 10
e 7 21 11
e 35 33 1
e 0 32 10
e 32 0 11
e 13 15 10
e 15 13 11
e 21 8 10
e 8 21 11
e 47 37 10
e 37 47 11
e 5 8 10
e 8 5 11
e 19 5 10
e 5 19 11
e 0 13 10
e 13 0 11
e 11 8 10
e 8 11 11
e 13 32 10
e 32 13 11
e 35 11 10
e 11 35 11
e 19 6 10
e 6 19 11
e 5 15 10
e 15 5 11
e 47 2 10
e 2 47 11
e 6 18 10
e 18 6 11
e 35 2 10
e 2 35 11
e 3 18 4
e 43 37 10
e 37 43 11
e 29 37 10
e 37 29 11
e 29 32 9
e 18 11 9
e 43 37 9
e 37 7 9
e 2 0 9
e 26 49 9
-
t # 26 U 1
v 0 2
v 1 110
v 2 54
v 3 49
v 4 104
v 5 43
v 6 28
v 7 161
v 8 160
v 9 2
v 10 2
v 11 1
v 12 103
v 13 353
v 14 18
v 15 2
v 16 342
v 17 1
v 18 8
v 19 137
v 20 354
v 21 355
v 22 356
v 23 357
v 24 358
v 25 222
v 26 223
v 27 2
v 28 273
v 29 2
v 30 37
v 31 36
v 32 4
v 33 359
v 34 2
v 35 105
v 36 360
v 37 361
v 38 362
v 39 50
v 40 363
v 41 47
v 42 2
v 43 1
v 44 364
v 45 365
v 46 2
v 47 51
v 48 222
v 49 223
v 50 366
v 51 367
v 52 368
v 53 193
v 54 369
e 41 43 10
e 43 41 11
e 53 26 10
e 26 53 11
e 43 35 10
e 35 43 11
e 45 6 10
e 6 45 11
e 53 13 10
e 13 53 11
e 26 35 10
e 35 26 11
e 52 44 10
e 44 52 11
e 33 26 9
e 53 19 10
e 19 53 11
e 23 19 10
e 19 23 11
e 37 35 10
e 35 37 11
e 28 51 10
e 51 28 11
e 5 18 9
e 8 51 10
e 51 8 11
e 53 20 10
e 20 53 11
e 20 51 10
e 51 20 11
e 41 21 10
e 21 41 11
e 28 11 10
e 11 28 11
e 41 8 10
e 8 41 11
e 1 41 9
e 7 20 9
e 17 13 10
e 13 17 11
e 8 6 10
e 6 8 11
e 49 19 10
e 19 49 11
e 45 21 10
e 21 45 11
e 3 21 10
e 21 3 11
e 41 23 10
e 23 41 11
e 23 13 10
e 13 23 11
e 39 45 10
e 45 39 11
e 39 37 10
e 37 39 11
e 11 35 10
e 35 11 11
e 49 6 10
e 6 49 11
e 45 26 10
e 26 45 11
e 31 35 10
e 35 31 11
e 52 45 10
e 45 52 11
e 39 44 10
e 44 39 11
e 53 8 10
e 8 53 11
e 17 49 10
e 49 17 11
e 49 21 10
e 21 49 11
e 45 43 10
e 43 45 11
e 8 49 10
e 49 8 11
e 3 13 10
e 13 3 11
e 13 37 10
e 37 13 11
e 23 35 10
e 35 23 11
e 31 45 10
e 45 31 11
e 3 39 10
e 39 3 11
e 11 21 10
e 21 11 11
e 53 11 10
e 11 53 11
e 3 37 10
e 37 3 11
e 25 21 9
e 52 17 10
e 17 52 11
e 13 11 10
e 11 13 11
e 3 44 10
e 44 3 11
e 31 21 10
e 21 31 11
e 31 52 10
e 52 31 11
e 53 49 10
e 49 53 11
e 49 51 10
e 51 49 11
e 11 51 10
e 51 11 11
e 38 37 9
e 39 53 10
e 53 39 11
e 28 13 10
e 13 28 11
e 52 20 10
e 20 52 11
e 49 35 10
e 35 49 11
e 44 6 10
e 6 44 11
e 17 0 1
e 18 16 10
e 16 18 11
e 16 32 10
e 32 16 11
e 11 37 10
e 37 11 11
e 2 41 4
e 39 43 10
e 43 39 11
e 3 19 10
e 19 3 11
e 41 17 10
e 17 41 11
e 17 11 10
e 11 17 11
e 53 43 10
e 43 53 11
e 3 49 10
e 49 3 11
e 52 53 10
e 53 52 11
e 20 37 10
e 37 20 11
e 17 37 10
e 37 17 11
e 53 44 10
e 44 53 11
e 17 51 10
e 51 17 11
e 5 24 9
e 47 35 4
e 31 23 10
e 23 31 11
e 43 13 10
e 13 43 11
e 52 37 10
e 37 52 11
e 19 44 10
e 44 19 11
e 39 17 10
e 17 39 11
e 23 45 10
e 45 23 11
e 52 13 10
e 13 52 11
e 20 11 10
e 11 20 11
e 52 23 10
e 23 52 11
e 13 19 10
e 19 13 11
e 41 11 10
e 11 41 11
e 23 37 10
e 37 23 11
e 20 13 10
e 13 20 11
e 28 45 10
e 45 28 11
e 19 6 10
e 6 19 11
e 52 26 10
e 26 52 11
e 39 23 10
e 23 39 11
e 52 11 10
e 11 52 11
e 49 13 10
e 13 49 11
e 8 37 10
e 37 8 11
e 28 49 10
e 49 28 11
e 41 44 10
e 44 41 11
e 49 26 10
e 26 49 11
e 13 26 10
e 26 13 11
e 23 6 10
e 6 23 11
e 52 8 10
e 8 52 11
e 31 37 10
e 37 31 11
e 8 11 10
e 11 8 11
e 31 17 10
e 17 31 11
e 11 6 10
e 6 11 11
e 31 20 10
e 20 31 11
e 41 20 10
e 20 41 11
e 19 46 1
e 3 53 10
e 53 3 11
e 52 28 10
e 28 52 11
e 21 37 10
e 37 21 11
e 52 51 10
e 51 52 11
e 17 44 10
e 44 17 11
e 43 11 10
e 11 43 11
e 41 52 10
e 52 41 11
e 23 20 10
e 20 23 11
e 39 47 1
e 11 44 10
e 44 11 11
e 53 35 10
e 35 53 11
e 53 37 10
e 37 53 11
e 3 45 10
e 45 3 11
e 8 23 10
e 23 8 11
e 7 45 9
e 3 8 10
e 8 3 11
e 43 19 10
e 19 43 11
e 17 35 10
e 35 17 11
e 3 17 10
e 17 3 11
e 41 28 10
e 28 41 11
e 8 43 10
e 43 8 11
e 43 44 10
e 44 43 11
e 31 49 10
e 49 31 11
e 23 21 10
e 21 23 11
e 31 39 10
e 39 31 11
e 26 51 10
e 51 26 11
e 26 19 10
e 19 26 11
e 35 34 1
e 39 51 10
e 51 39 11
e 3 52 10
e 52 3 11
e 31 30 1
e 28 43 10
e 43 28 11
e 8 19 10
e 19 8 11
e 39 21 10
e 21 39 11
e 16 24 10
e 24 16 11
e 53 21 10
e 21 53 11
e 39 52 10
e 52 39 11
e 3 28 10
e 28 3 11
e 40 26 9
e 20 6 10
e 6 20 11
e 48 13 9
e 23 49 10
e 49 23 11
e 43 42 1
e 33 49 9
e 41 39 10
e 39 41 11
e 21 6 10
e 6 21 11
e 51 9 1
e 43 37 10
e 37 43 11
e 53 28 10
e 28 53 11
e 23 51 10
e 51 23 11
e 43 51 10
e 51 43 11
e 43 26 10
e 26 43 11
e 17 21 10
e 21 17 11
e 43 6 10
e 6 43 11
e 11 19 10
e 19 11 11
e 49 37 10
e 37 49 11
e 17 28 10
e 28 17 11
e 31 44 10
e 44 31 11
e 28 23 10
e 23 28 11
e 39 26 10
e 26 39 11
e 17 6 10
e 6 17 11
e 39 20 10
e 20 39 11
e 50 13 4
e 20 45 10
e 45 20 11
e 8 17 10
e 17 8 11
e 3 41 10
e 41 3 11
e 21 19 10
e 19 21 11
e 17 23 10
e 23 17 11
e 45 35 10
e 35 45 11
e 19 37 10
e 37 19 11
e 3 2 1
e 53 45 10
e 45 53 11
e 20 21 10
e 21 20 11
e 8 35 10
e 35 8 11
e 19 51 10
e 51 19 11
e 18 32 10
e 32 18 11
e 53 17 10
e 17 53 11
e 20 26 10
e 26 20 11
e 45 51 10
e 51 45 11
e 8 26 10
e 26 8 11
e 53 23 10
e 23 53 11
e 50 37 4
e 36 49 9
e 13 6 10
e 6 13 11
e 49 48 1
e 17 20 10
e 20 17 11
e 39 49 10
e 49 39 11
e 17 45 10
e 45 17 11
e 26 44 10
e 44 26 11
e 28 21 10
e 21 28 11
e 53 6 10
e 6 53 11
e 26 37 10
e 37 26 11
e 52 50 1
e 53 15 1
e 3 23 10
e 23 3 11
e 20 49 10
e 49 20 11
e 50 21 4
e 36 26 9
e 11 10 1
e 41 26 10
e 26 41 11
e 45 13 10
e 13 45 11
e 45 37 10
e 37 45 11
e 31 11 10
e 11 31 11
e 39 8 10
e 8 39 11
e 50 44 4
e 18 24 2
e 41 37 10
e 37 41 11
e 31 26 10
e 26 31 11
e 28 26 10
e 26 28 11
e 20 19 10
e 19 20 11
e 40 49 9
e 23 43 10
e 43 23 11
e 37 6 10
e 6 37 11
e 21 35 10
e 35 21 11
e 20 43 10
e 43 20 11
e 31 51 10
e 51 31 11
e 13 35 10
e 35 13 11
e 51 6 10
e 6 51 11
e 3 31 10
e 31 3 11
e 11 26 10
e 26 11 11
e 28 37 10
e 37 28 11
e 26 21 10
e 21 26 11
e 31 43 10
e 43 31 11
e 41 49 10
e 49 41 11
e 8 20 10
e 20 8 11
e 49 11 10
e 11 49 11
e 35 51 10
e 51 35 11
e 3 20 10
e 20 3 11
e 28 44 10
e 44 28 11
e 12 3 9
e 13 51 10
e 51 13 11
e 26 6 10
e 6 26 11
e 52 6 10
e 6 52 11
e 23 11 10
e 11 23 11
e 17 19 10
e 19 17 11
e 3 35 10
e 35 3 11
e 37 51 10
e 51 37 11
e 39 35 10
e 35 39 11
e 26 25 1
e 52 49 10
e 49 52 11
e 13 21 10
e 21 13 11
e 31 6 10
e 6 31 11
e 45 19 10
e 19 45 11
e 5 16 4
e 50 45 4
e 20 44 10
e 44 20 11
e 31 53 10
e 53 31 11
e 44 35 10
e 35 44 11
e 28 27 1
e 14 53 9
e 45 49 10
e 49 45 11
e 41 35 10
e 35 41 11
e 8 44 10
e 44 8 11
e 41 6 10
e 6 41 11
e 47 19 4
e 8 21 10
e 21 8 11
e 18 16 2
e 8 7 1
e 22 32 9
e 52 35 10
e 35 52 11
e 23 44 10
e 44 23 11
e 41 45 10
e 45 41 11
e 2 39 4
e 13 44 10
e 44 13 11
e 3 11 10
e 11 3 11
e 30 41 9
e 31 28 10
e 28 31 11
e 45 11 10
e 11 45 11
e 50 23 4
e 41 19 10
e 19 41 11
e 43 49 10
e 49 43 11
e 20 35 10
e 35 20 11
e 50 51 4
e 8 28 10
e 28 8 11
e 23 26 10
e 26 23 11
e 18 24 10
e 24 18 11
e 39 13 10
e 13 39 11
e 8 45 10
e 45 8 11
e 52 21 10
e 21 52 11
e 3 6 10
e 6 3 11
e 35 6 10
e 6 35 11
e 31 41 10
e 41 31 11
e 39 11 10
e 11 39 11
e 50 20 4
e 31 19 10
e 19 31 11
e 4 3 9
e 28 35 10
e 35 28 11
e 24 22 1
e 3 43 10
e 43 3 11
e 4 51 9
e 28 20 10
e 20 28 11
e 17 26 10
e 26 17 11
e 41 13 10
e 13 41 11
e 53 51 10
e 51 53 11
e 28 19 10
e 19 28 11
e 31 13 10
e 13 31 11
e 28 6 10
e 6 28 11
e 8 13 10
e 13 8 11
e 21 51 10
e 51 21 11
e 31 8 10
e 8 31 11
e 49 44 10
e 44 49 11
e 18 32 2
e 45 44 10
e 44 45 11
e 44 51 10
e 51 44 11
e 52 43 10
e 43 52 11
e 41 51 10
e 51 41 11
e 41 53 10
e 53 41 11
e 43 21 10
e 21 43 11
e 21 44 10
e 44 21 11
e 3 51 10
e 51 3 11
e 44 37 10
e 37 44 11
e 39 6 10
e 6 39 11
e 24 32 10
e 32 24 11
e 39 19 10
e 19 39 11
e 54 53 9
e 39 28 10
e 28 39 11
e 52 19 10
e 19 52 11
e 16 29 1
e 19 35 10
e 35 19 11
e 17 43 10
e 43 17 11
e 3 26 10
e 26 3 11
e 16 24 9
e 17 28 9
e 28 23 9
e 35 51 9
e 43 49 9
e 51 6 9
e 53 8 9
e 11 26 9
e 19 44 9
-
t # 27 U 1
v 0 188
v 1 2
v 2 370
v 3 77
v 4 371
v 5 331
v 6 188
v 7 2
v 8 371
v 9 77
v 10 372
v 11 373
v 12 77
v 13 77
v 14 374
v 15 2
v 16 49
v 17 375
v 18 37
v 19 36
v 20 376
v 21 2
v 22 370
v 23 188
v 24 2
v 25 377
v 26 375
v 27 49
v 28 378
v 29 77
v 30 331
v 31 77
v 32 77
e 0 30 6
e 17 25 10
e 25 17 11
e 2 20 10
e 20 2 11
e 8 11 10
e 11 8 11
e 2 26 10
e 26 2 11
e 14 26 10
e 26 14 11
e 26 7 1
e 9 25 4
e 0 20 10
e 20 0 11
e 30 29 1
e 27 4 10
e 4 27 11
e 11 0 10
e 0 11 11
e 22 25 10
e 25 22 11
e 6 8 10
e 8 6 11
e 17 5 10
e 5 17 11
e 0 26 6
e 17 14 10
e 14 17 11
e 6 0 10
e 0 6 11
e 23 16 6
e 23 26 10
e 26 23 11
e 26 4 10
e 4 26 11
e 31 22 9
e 22 16 10
e 16 22 11
e 6 14 10
e 14 6 11
e 23 27 10
e 27 23 11
e 8 20 10
e 20 8 11
e 0 4 6
e 26 30 10
e 30 26 11
e 0 25 10
e 25 0 11
e 23 8 6
e 2 5 10
e 5 2 11
e 16 14 10
e 14 16 11
e 5 20 10
e 20 5 11
e 16 26 10
e 26 16 11
e 4 5 10
e 5 4 11
e 6 25 10
e 25 6 11
e 11 26 10
e 26 11 11
e 6 11 6
e 11 4 10
e 4 11 11
e 16 20 10
e 20 16 11
e 4 25 10
e 25 4 11
e 8 14 10
e 14 8 11
e 8 22 10
e 22 8 11
e 19 4 10
e 4 19 11
e 11 5 10
e 5 11 11
e 5 3 1
e 19 5 10
e 5 19 11
e 22 19 10
e 19 22 11
e 5 25 10
e 25 5 11
e 2 19 10
e 19 2 11
e 16 0 10
e 0 16 11
e 28 20 9
e 17 26 10
e 26 17 11
e 23 17 6
e 19 11 10
e 11 19 11
e 19 20 10
e 20 19 11
e 8 4 10
e 4 8 11
e 27 20 10
e 20 27 11
e 27 26 10
e 26 27 11
e 27 5 10
e 5 27 11
e 31 2 9
e 8 16 10
e 16 8 11
e 17 20 10
e 20 17 11
e 0 26 10
e 26 0 11
e 2 25 10
e 25 2 11
e 27 0 10
e 0 27 11
e 8 2 10
e 2 8 11
e 11 25 10
e 25 11 11
e 6 11 10
e 11 6 11
e 2 14 10
e 14 2 11
e 6 27 10
e 27 6 11
e 27 30 10
e 30 27 11
e 18 14 9
e 8 26 10
e 26 8 11
e 14 11 10
e 11 14 11
e 23 30 10
e 30 23 11
e 23 2 10
e 2 23 11
e 27 25 10
e 25 27 11
e 14 4 10
e 4 14 11
e 23 8 10
e 8 23 11
e 19 18 1
e 19 30 10
e 30 19 11
e 6 23 10
e 23 6 11
e 11 9 1
e 32 26 4
e 12 14 9
e 10 2 4
e 6 20 10
e 20 6 11
e 6 26 10
e 26 6 11
e 15 8 4
e 23 22 10
e 22 23 11
e 17 30 10
e 30 17 11
e 17 15 1
e 17 16 6
e 17 0 10
e 0 17 11
e 8 16 6
e 25 24 1
e 16 25 10
e 25 16 11
e 22 30 10
e 30 22 11
e 14 5 10
e 5 14 11
e 4 30 10
e 30 4 11
e 10 22 4
e 14 25 10
e 25 14 11
e 17 22 10
e 22 17 11
e 17 19 10
e 19 17 11
e 23 25 10
e 25 23 11
e 26 20 10
e 20 26 11
e 14 30 10
e 30 14 11
e 6 30 10
e 30 6 11
e 2 1 1
e 8 30 10
e 30 8 11
e 23 16 10
e 16 23 11
e 2 0 10
e 0 2 11
e 8 27 10
e 27 8 11
e 3 20 4
e 31 5 9
e 2 11 10
e 11 2 11
e 17 4 10
e 4 17 11
e 23 0 10
e 0 23 11
e 26 30 6
e 32 17 4
e 16 30 10
e 30 16 11
e 17 27 10
e 27 17 11
e 8 19 10
e 19 8 11
e 2 30 10
e 30 2 11
e 23 5 10
e 5 23 11
e 19 25 10
e 25 19 11
e 23 19 10
e 19 23 11
e 2 27 10
e 27 2 11
e 11 30 10
e 30 11 11
e 22 20 10
e 20 22 11
e 30 25 10
e 25 30 11
e 32 23 9
e 30 20 10
e 20 30 11
e 8 0 10
e 0 8 11
e 14 0 10
e 0 14 11
e 23 20 10
e 20 23 11
e 19 14 10
e 14 19 11
e 13 25 4
e 6 19 10
e 19 6 11
e 22 5 10
e 5 22 11
e 16 11 10
e 11 16 11
e 14 20 10
e 20 14 11
e 22 11 10
e 11 22 11
e 16 19 10
e 19 16 11
e 6 22 10
e 22 6 11
e 32 0 9
e 8 25 10
e 25 8 11
e 32 16 9
e 16 5 10
e 5 16 11
e 22 14 10
e 14 22 11
e 22 0 10
e 0 22 11
e 23 14 10
e 14 23 11
e 22 26 10
e 26 22 11
e 17 16 10
e 16 17 11
e 8 5 10
e 5 8 11
e 16 4 10
e 4 16 11
e 22 21 1
e 27 19 10
e 19 27 11
e 4 20 10
e 20 4 11
e 29 20 4
e 32 30 9
e 27 14 10
e 14 27 11
e 23 17 10
e 17 23 11
e 7 4 4
e 0 4 10
e 4 0 11
e 0 30 10
e 30 0 11
e 17 8 10
e 8 17 11
e 26 5 10
e 5 26 11
e 11 20 10
e 20 11 11
e 6 17 10
e 17 6 11
e 27 11 10
e 11 27 11
e 23 11 10
e 11 23 11
e 22 4 10
e 4 22 11
e 31 30 9
e 13 6 9
e 6 16 10
e 16 6 11
e 19 0 10
e 0 19 11
e 0 5 10
e 5 0 11
e 25 20 10
e 20 25 11
e 6 5 10
e 5 6 11
e 17 11 10
e 11 17 11
e 17 2 10
e 2 17 11
e 4 30 6
e 23 4 10
e 4 23 11
e 26 25 10
e 25 26 11
e 6 4 10
e 4 6 11
e 2 4 10
e 4 2 11
e 6 2 10
e 2 6 11
e 19 26 10
e 26 19 11
e 22 16 9
e 2 27 9
e 25 20 9
-
t # 28 U 1
v 0 10
v 1 51
v 2 379
v 3 103
v 4 2
v 5 182
v 6 380
v 7 1
v 8 381
v 9 47
v 10 155
v 11 137
v 12 105
v 13 37
v 14 36
v 15 54
v 16 49
v 17 10
v 18 51
v 19 379
v 20 103
v 21 2
v 22 182
v 23 380
v 24 1
v 25 381
v 26 47
v 27 155
v 28 137
v 29 105
v 30 37
v 31 36
v 32 54
v 33 49
e 33 29 10
e 29 33 11
e 33 28 10
e 28 33 11
e 26 22 10
e 22 26 11
e 25 24 10
e 24 25 11
e 24 29 10
e 29 24 11
e 27 25 9
e 29 28 10
e 28 29 11
e 31 26 10
e 26 31 11
e 24 26 10
e 26 24 11
e 24 22 10
e 22 24 11
e 17 26 10
e 26 17 11
e 26 28 10
e 28 26 11
e 32 22 4
e 30 17 4
e 18 29 4
e 31 30 1
e 31 17 10
e 17 31 11
e 33 26 10
e 26 33 11
e 25 17 10
e 17 25 11
e 25 28 10
e 28 25 11
e 25 23 1
e 33 24 10
e 24 33 11
e 22 28 10
e 28 22 11
e 24 21 1
e 19 25 9
e 25 31 10
e 31 25 11
e 31 29 10
e 29 31 11
e 31 28 10
e 28 31 11
e 24 28 10
e 28 24 11
e 17 29 10
e 29 17 11
e 24 17 10
e 17 24 11
e 26 29 10
e 29 26 11
e 22 18 1
e 25 26 10
e 26 25 11
e 33 22 10
e 22 33 11
e 33 32 1
e 22 29 10
e 29 22 11
e 20 33 9
e 33 31 10
e 31 33 11
e 23 26 9
e 32 26 4
e 25 29 10
e 29 25 11
e 31 22 10
e 22 31 11
e 17 28 10
e 28 17 11
e 25 22 10
e 22 25 11
e 33 25 10
e 25 33 11
e 17 22 10
e 22 17 11
e 31 24 10
e 24 31 11
e 33 17 10
e 17 33 11
e 18 28 4
e 30 26 9
e 24 17 9
e 33 29 10
e 29 33 11
e 33 28 10
e 28 33 11
e 26 22 10
e 22 26 11
e 25 24 10
e 24 25 11
e 24 29 10
e 29 24 11
e 27 25 9
e 29 28 10
e 28 29 11
e 31 26 10
e 26 31 11
e 24 26 10
e 26 24 11
e 24 22 10
e 22 24 11
e 17 26 10
e 26 17 11
e 26 28 10
e 28 26 11
e 32 22 4
e 30 17 4
e 18 29 4
e 31 30 1
e 31 17 10
e 17 31 11
e 33 26 10
e 26 33 11
e 25 17 10
e 17 25 11
e 25 28 10
e 28 25 11
e 25 23 1
e 33 24 10
e 24 33 11
e 22 28 10
e 28 22 11
e 24 21 1
e 19 25 9
e 25 31 10
e 31 25 11
e 31 29 10
e 29 31 11
e 31 28 10
e 28 31 11
e 24 28 10
e 28 24 11
e 17 29 10
e 29 17 11
e 24 17 10
e 17 24 11
e 26 29 10
e 29 26 11
e 22 18 1
e 25 26 10
e 26 25 11
e 33 22 10
e 22 33 11
e 33 32 1
e 22 29 10
e 29 22 11
e 20 33 9
e 33 31 10
e 31 33 11
e 23 26 9
e 32 26 4
e 25 29 10
e 29 25 11
e 31 22 10
e 22 31 11
e 17 28 10
e 28 17 11
e 25 22 10
e 22 25 11
e 33 25 10
e 25 33 11
e 17 22 10
e 22 17 11
e 31 24 10
e 24 31 11
e 33 17 10
e 17 33 11
e 18 28 4
e 30 26 9
e 24 17 9
-
t # 29 U 1
v 0 183
v 1 13
v 2 2
v 3 50
v 4 54
v 5 205
v 6 49
v 7 47
v 8 103
v 9 8
v 10 37
v 11 29
v 12 36
v 13 28
v 14 28
e 8 6 9
e 9 14 10
e 14 9 11
e 12 10 1
e 1 14 9
e 6 4 1
e 3 2 1
e 7 13 10
e 13 7 11
e 12 7 10
e 7 12 11
e 4 7 4
e 11 5 4
e 6 13 10
e 13 6 11
e 9 5 2
e 6 12 10
e 12 6 11
e 11 9 9
e 7 3 10
e 3 7 11
e 6 3 10
e 3 6 11
e 0 7 9
e 4 3 4
e 3 13 10
e 13 3 11
e 10 7 9
e 5 14 10
e 14 5 11
e 12 3 10
e 3 12 11
e 9 5 10
e 5 9 11
e 6 7 10
e 7 6 11
e 12 13 10
e 13 12 11
e 3 13 9
-
