t # 0 U 1
v 0 0
v 1 1
v 2 2
v 3 3
v 4 4
v 5 1
v 6 5
v 7 6
v 8 6
v 9 7
v 10 8
v 11 9
v 12 10
v 13 11
v 14 1
v 15 12
v 16 13
v 17 14
v 18 15
v 19 16
v 20 17
v 21 18
v 22 19
v 23 20
v 24 21
v 25 22
v 26 23
v 27 24
v 28 25
v 29 26
v 30 27
v 31 1
v 32 28
e 0 8 4
e 11 16 10
e 16 11 11
e 13 6 10
e 6 13 11
e 13 30 10
e 30 13 11
e 18 20 1
e 27 18 4
e 0 7 4
e 13 15 1
e 12 30 10
e 30 12 11
e 10 12 9
e 26 6 10
e 6 26 11
e 5 6 9
e 24 29 4
e 2 16 10
e 16 2 11
e 29 30 10
e 30 29 11
e 22 7 9
e 13 12 10
e 12 13 11
e 26 12 10
e 12 26 11
e 30 16 10
e 16 30 11
e 21 8 9
e 2 30 10
e 30 2 11
e 22 29 9
e 20 30 4
e 2 11 10
e 11 2 11
e 29 16 10
e 16 29 11
e 6 18 10
e 18 6 11
e 1 3 9
e 29 2 10
e 2 29 11
e 29 12 10
e 12 29 11
e 29 18 10
e 18 29 11
e 31 2 4
e 29 31 1
e 30 1 1
e 2 6 10
e 6 2 11
e 2 18 10
e 18 2 11
e 26 18 10
e 18 26 11
e 26 27 1
e 12 11 10
e 11 12 11
e 6 11 10
e 11 6 11
e 26 29 10
e 29 26 11
e 13 29 10
e 29 13 11
e 13 16 10
e 16 13 11
e 6 30 10
e 30 6 11
e 15 6 4
e 27 12 4
e 26 13 10
e 13 26 11
e 25 26 9
e 17 2 9
e 2 5 1
e 12 18 10
e 18 12 11
e 13 2 10
e 2 13 11
e 11 14 1
e 13 11 10
e 11 13 11
e 9 8 9
e 32 0 1
e 4 7 9
e 6 16 10
e 16 6 11
e 18 16 10
e 16 18 11
e 26 30 10
e 30 26 11
e 18 30 10
e 30 18 11
e 26 11 10
e 11 26 11
e 19 21 1
e 20 11 4
e 2 12 10
e 12 2 11
e 18 11 10
e 11 18 11
e 26 2 10
e 2 26 11
e 28 32 9
e 13 18 10
e 18 13 11
e 0 16 9
e 3 4 1
e 6 12 10
e 12 6 11
e 15 12 9
e 14 19 9
e 30 11 10
e 11 30 11
e 29 6 10
e 6 29 11
e 26 16 10
e 16 26 11
e 23 29 9
e 29 11 10
e 11 29 11
e 12 16 10
e 16 12 11
-
t # 1 U 1
v 0 29
v 1 30
v 2 31
v 3 32
v 4 33
v 5 1
v 6 34
v 7 35
v 8 36
v 9 5
v 10 37
v 11 38
v 12 39
v 13 40
v 14 36
v 15 10
v 16 41
v 17 15
v 18 17
v 19 23
v 20 24
v 21 42
v 22 43
v 23 44
v 24 13
v 25 35
v 26 39
v 27 11
v 28 12
v 29 40
v 30 43
v 31 44
v 32 45
v 33 46
v 34 47
v 35 48
e 6 10 9
e 29 19 10
e 19 29 11
e 4 15 10
e 15 4 11
e 8 7 6
e 4 5 1
e 29 17 10
e 17 29 11
e 28 9 4
e 19 27 10
e 27 19 11
e 8 9 10
e 9 8 11
e 27 24 10
e 24 27 11
e 14 27 10
e 27 14 11
e 29 15 10
e 15 29 11
e 10 22 2
e 9 24 10
e 24 9 11
e 14 30 6
e 34 27 10
e 27 34 11
e 10 25 10
e 25 10 11
e 14 30 10
e 30 14 11
e 18 24 9
e 35 8 4
e 28 15 9
e 14 17 10
e 17 14 11
e 35 30 9
e 14 19 10
e 19 14 11
e 8 17 10
e 17 8 11
e 10 22 10
e 22 10 11
e 34 19 10
e 19 34 11
e 15 24 10
e 24 15 11
e 14 13 10
e 13 14 11
e 22 23 1
e 14 7 6
e 3 13 9
e 17 24 10
e 24 17 11
e 27 15 10
e 15 27 11
e 8 19 10
e 19 8 11
e 0 29 9
e 19 17 10
e 17 19 11
e 34 24 10
e 24 34 11
e 16 22 9
e 8 13 10
e 13 8 11
e 34 7 6
e 29 27 10
e 27 29 11
e 26 15 9
e 13 17 10
e 17 13 11
e 3 12 1
e 34 30 10
e 30 34 11
e 21 30 9
e 15 17 10
e 17 15 11
e 19 24 10
e 24 19 11
e 13 24 10
e 24 13 11
e 22 25 10
e 25 22 11
e 34 7 10
e 7 34 11
e 30 7 10
e 7 30 11
e 29 26 1
e 34 9 10
e 9 34 11
e 4 9 10
e 9 4 11
e 27 17 10
e 17 27 11
e 27 28 1
e 4 24 10
e 24 4 11
e 8 24 10
e 24 8 11
e 13 12 1
e 27 9 10
e 9 27 11
e 32 34 4
e 14 9 10
e 9 14 11
e 8 30 10
e 30 8 11
e 30 31 1
e 14 8 10
e 8 14 11
e 19 9 10
e 9 19 11
e 5 9 9
e 8 15 10
e 15 8 11
e 20 15 4
e 13 15 10
e 15 13 11
e 6 22 9
e 35 19 9
e 8 30 6
e 23 25 9
e 12 15 9
e 0 26 1
e 10 25 2
e 11 22 9
e 17 18 1
e 13 19 10
e 19 13 11
e 34 15 10
e 15 34 11
e 33 34 9
e 29 9 10
e 9 29 11
e 34 17 10
e 17 34 11
e 2 14 9
e 33 22 9
e 8 7 10
e 7 8 11
e 34 13 10
e 13 34 11
e 20 17 4
e 34 29 10
e 29 34 11
e 4 17 10
e 17 4 11
e 13 27 10
e 27 13 11
e 14 15 10
e 15 14 11
e 14 29 10
e 29 14 11
e 1 8 9
e 19 15 10
e 15 19 11
e 8 27 10
e 27 8 11
e 14 8 6
e 34 35 1
e 34 14 10
e 14 34 11
e 35 14 4
e 9 17 10
e 17 9 11
e 34 8 10
e 8 34 11
e 14 24 10
e 24 14 11
e 29 24 10
e 24 29 11
e 31 7 9
e 13 9 10
e 9 13 11
e 34 8 6
e 34 30 6
e 9 15 10
e 15 9 11
e 14 7 10
e 7 14 11
e 19 20 1
-
t # 2 U 1
v 0 49
v 1 50
v 2 51
v 3 52
v 4 53
v 5 9
v 6 1
v 7 48
v 8 54
v 9 55
v 10 1
v 11 15
v 12 17
v 13 56
v 14 57
v 15 58
v 16 59
v 17 60
v 18 61
v 19 62
v 20 58
v 21 63
v 22 64
v 23 51
v 24 65
v 25 66
v 26 67
v 27 68
v 28 69
v 29 70
v 30 71
v 31 72
v 32 73
v 33 74
v 34 75
v 35 76
v 36 73
v 37 77
v 38 78
v 39 79
v 40 80
v 41 81
v 42 82
v 43 83
v 44 84
v 45 85
v 46 86
v 47 87
v 48 88
v 49 89
v 50 90
v 51 91
v 52 92
v 53 62
v 54 1
v 55 1
v 56 93
v 57 94
v 58 95
v 59 96
v 60 97
v 61 98
v 62 99
v 63 100
v 64 101
v 65 23
v 66 102
v 67 24
v 68 103
v 69 104
v 70 105
v 71 14
v 72 106
v 73 14
v 74 78
v 75 14
v 76 8
v 77 107
v 78 11
v 79 12
v 80 108
v 81 109
v 82 102
v 83 102
v 84 10
v 85 110
v 86 48
v 87 111
v 88 112
v 89 113
v 90 114
v 91 15
v 92 1
v 93 17
v 94 115
v 95 116
v 96 117
v 97 1
v 98 63
e 43 96 10
e 96 43 11
e 84 50 10
e 50 84 11
e 54 56 9
e 65 29 10
e 29 65 11
e 65 38 10
e 38 65 11
e 94 19 10
e 19 94 11
e 5 19 10
e 19 5 11
e 61 41 10
e 41 61 11
e 90 63 10
e 63 90 11
e 79 84 9
e 48 31 10
e 31 48 11
e 41 50 10
e 50 41 11
e 83 19 10
e 19 83 11
e 82 94 10
e 94 82 11
e 68 50 10
e 50 68 11
e 83 25 10
e 25 83 11
e 84 13 10
e 13 84 11
e 25 45 10
e 45 25 11
e 16 31 10
e 31 16 11
e 77 31 10
e 31 77 11
e 83 58 10
e 58 83 11
e 21 34 10
e 34 21 11
e 61 94 10
e 94 61 11
e 66 14 10
e 14 66 11
e 82 25 10
e 25 82 11
e 31 69 10
e 69 31 11
e 55 57 9
e 32 82 10
e 82 32 11
e 88 69 10
e 69 88 11
e 63 69 10
e 69 63 11
e 83 16 10
e 16 83 11
e 26 32 10
e 32 26 11
e 16 53 10
e 53 16 11
e 57 19 10
e 19 57 11
e 20 37 9
e 45 34 10
e 34 45 11
e 68 88 10
e 88 68 11
e 13 14 10
e 14 13 11
e 91 93 1
e 32 16 10
e 16 32 11
e 5 58 10
e 58 5 11
e 94 50 10
e 50 94 11
e 66 29 10
e 29 66 11
e 78 11 10
e 11 78 11
e 65 91 10
e 91 65 11
e 57 88 10
e 88 57 11
e 52 56 10
e 56 52 11
e 23 9 9
e 48 16 10
e 16 48 11
e 32 69 10
e 69 32 11
e 91 40 10
e 40 91 11
e 43 13 10
e 13 43 11
e 57 94 10
e 94 57 11
e 25 58 10
e 58 25 11
e 43 9 10
e 9 43 11
e 83 94 10
e 94 83 11
e 74 50 10
e 50 74 11
e 32 24 10
e 24 32 11
e 21 88 10
e 88 21 11
e 78 48 10
e 48 78 11
e 85 90 10
e 90 85 11
e 36 56 10
e 56 36 11
e 84 29 10
e 29 84 11
e 82 50 10
e 50 82 11
e 31 45 10
e 45 31 11
e 88 34 10
e 34 88 11
e 87 86 1
e 65 5 10
e 5 65 11
e 61 24 10
e 24 61 11
e 12 21 9
e 88 9 10
e 9 88 11
e 65 25 10
e 25 65 11
e 61 31 10
e 31 61 11
e 76 84 9
e 38 53 10
e 53 38 11
e 84 11 10
e 11 84 11
e 36 13 10
e 13 36 11
e 32 38 10
e 38 32 11
e 68 45 10
e 45 68 11
e 32 53 10
e 53 32 11
e 78 74 10
e 74 78 11
e 53 56 10
e 56 53 11
e 84 32 10
e 32 84 11
e 11 13 10
e 13 11 11
e 85 40 10
e 40 85 11
e 34 41 10
e 41 34 11
e 43 50 10
e 50 43 11
e 52 16 10
e 16 52 11
e 31 56 10
e 56 31 11
e 43 34 10
e 34 43 11
e 16 45 10
e 45 16 11
e 61 69 10
e 69 61 11
e 82 40 10
e 40 82 11
e 11 9 10
e 9 11 11
e 21 14 10
e 14 21 11
e 48 50 10
e 50 48 11
e 21 40 10
e 40 21 11
e 84 25 10
e 25 84 11
e 24 58 10
e 58 24 11
e 91 57 10
e 57 91 11
e 91 74 10
e 74 91 11
e 36 48 10
e 48 36 11
e 46 14 9
e 31 19 10
e 19 31 11
e 85 25 10
e 25 85 11
e 96 69 10
e 69 96 11
e 83 68 10
e 68 83 11
e 61 62 1
e 65 36 10
e 36 65 11
e 88 90 10
e 90 88 11
e 45 56 10
e 56 45 11
e 48 58 10
e 58 48 11
e 65 78 10
e 78 65 11
e 83 29 10
e 29 83 11
e 82 9 10
e 9 82 11
e 53 19 10
e 19 53 11
e 98 16 10
e 16 98 11
e 52 63 10
e 63 52 11
e 26 63 10
e 63 26 11
e 78 88 10
e 88 78 11
e 85 96 10
e 96 85 11
e 57 29 10
e 29 57 11
e 26 25 10
e 25 26 11
e 74 25 10
e 25 74 11
e 36 37 10
e 37 36 11
e 98 40 10
e 40 98 11
e 14 45 10
e 45 14 11
e 86 21 9
e 26 29 10
e 29 26 11
e 21 13 10
e 13 21 11
e 84 82 10
e 82 84 11
e 48 52 10
e 52 48 11
e 52 34 10
e 34 52 11
e 65 61 10
e 61 65 11
e 65 74 10
e 74 65 11
e 21 23 1
e 32 57 10
e 57 32 11
e 84 88 10
e 88 84 11
e 82 58 10
e 58 82 11
e 82 83 10
e 83 82 11
e 26 43 10
e 43 26 11
e 43 58 10
e 58 43 11
e 36 69 10
e 69 36 11
e 11 21 10
e 21 11 11
e 57 45 10
e 45 57 11
e 84 34 10
e 34 84 11
e 13 63 10
e 63 13 11
e 38 5 10
e 5 38 11
e 25 50 10
e 50 25 11
e 74 53 10
e 53 74 11
e 98 88 10
e 88 98 11
e 13 19 10
e 19 13 11
e 78 9 10
e 9 78 11
e 80 14 4
e 65 41 10
e 41 65 11
e 52 55 1
e 43 24 10
e 24 43 11
e 11 96 10
e 96 11 11
e 88 14 10
e 14 88 11
e 84 24 10
e 24 84 11
e 98 26 10
e 26 98 11
e 82 13 10
e 13 82 11
e 21 32 10
e 32 21 11
e 21 5 10
e 5 21 11
e 77 9 10
e 9 77 11
e 26 41 10
e 41 26 11
e 38 29 10
e 29 38 11
e 68 9 10
e 9 68 11
e 11 43 10
e 43 11 11
e 84 19 10
e 19 84 11
e 48 90 10
e 90 48 11
e 61 88 10
e 88 61 11
e 62 66 4
e 11 90 10
e 90 11 11
e 37 63 10
e 63 37 11
e 40 37 10
e 37 40 11
e 38 40 10
e 40 38 11
e 52 41 10
e 41 52 11
e 21 94 10
e 94 21 11
e 48 13 10
e 13 48 11
e 38 58 10
e 58 38 11
e 36 77 10
e 77 36 11
e 91 56 10
e 56 91 11
e 74 90 10
e 90 74 11
e 48 53 10
e 53 48 11
e 94 69 10
e 69 94 11
e 74 14 10
e 14 74 11
e 91 96 10
e 96 91 11
e 5 16 10
e 16 5 11
e 9 16 10
e 16 9 11
e 38 34 10
e 34 38 11
e 90 53 10
e 53 90 11
e 53 29 10
e 29 53 11
e 11 14 10
e 14 11 11
e 36 68 10
e 68 36 11
e 26 52 10
e 52 26 11
e 11 56 10
e 56 11 11
e 40 69 10
e 69 40 11
e 40 31 10
e 31 40 11
e 30 69 4
e 40 5 10
e 5 40 11
e 19 34 10
e 34 19 11
e 14 37 10
e 37 14 11
e 65 50 10
e 50 65 11
e 34 37 10
e 37 34 11
e 77 50 10
e 50 77 11
e 31 63 10
e 63 31 11
e 68 24 10
e 24 68 11
e 94 53 10
e 53 94 11
e 48 38 10
e 38 48 11
e 36 38 10
e 38 36 11
e 91 58 10
e 58 91 11
e 85 56 10
e 56 85 11
e 10 13 9
e 52 96 10
e 96 52 11
e 43 77 10
e 77 43 11
e 57 41 10
e 41 57 11
e 98 56 10
e 56 98 11
e 91 90 10
e 90 91 11
e 29 63 10
e 63 29 11
e 94 16 10
e 16 94 11
e 65 94 10
e 94 65 11
e 32 41 10
e 41 32 11
e 96 29 10
e 29 96 11
e 77 19 10
e 19 77 11
e 91 11 10
e 11 91 11
e 74 88 10
e 88 74 11
e 78 98 10
e 98 78 11
e 50 58 10
e 58 50 11
e 61 74 10
e 74 61 11
e 83 57 10
e 57 83 11
e 5 6 1
e 96 56 10
e 56 96 11
e 91 94 10
e 94 91 11
e 38 77 10
e 77 38 11
e 57 5 10
e 5 57 11
e 12 5 4
e 26 82 10
e 82 26 11
e 48 9 10
e 9 48 11
e 82 56 10
e 56 82 11
e 59 68 9
e 86 98 9
e 34 63 10
e 63 34 11
e 57 24 10
e 24 57 11
e 11 24 10
e 24 11 11
e 31 34 10
e 34 31 11
e 78 83 10
e 83 78 11
e 11 45 10
e 45 11 11
e 5 13 10
e 13 5 11
e 43 16 10
e 16 43 11
e 11 16 10
e 16 11 11
e 43 46 1
e 98 85 10
e 85 98 11
e 48 82 10
e 82 48 11
e 38 63 10
e 63 38 11
e 40 13 10
e 13 40 11
e 83 13 10
e 13 83 11
e 65 48 10
e 48 65 11
e 68 37 10
e 37 68 11
e 13 31 10
e 31 13 11
e 51 38 4
e 78 41 10
e 41 78 11
e 78 43 10
e 43 78 11
e 13 24 10
e 24 13 11
e 47 29 9
e 32 56 10
e 56 32 11
e 57 56 10
e 56 57 11
e 78 5 10
e 5 78 11
e 5 29 10
e 29 5 11
e 66 85 10
e 85 66 11
e 26 24 10
e 24 26 11
e 32 25 10
e 25 32 11
e 21 63 10
e 63 21 11
e 98 14 10
e 14 98 11
e 16 29 10
e 29 16 11
e 50 63 10
e 63 50 11
e 82 90 10
e 90 82 11
e 74 29 10
e 29 74 11
e 78 38 10
e 38 78 11
e 77 56 10
e 56 77 11
e 11 36 10
e 36 11 11
e 11 5 10
e 5 11 11
e 45 47 1
e 88 58 10
e 58 88 11
e 68 14 10
e 14 68 11
e 52 74 10
e 74 52 11
e 32 66 10
e 66 32 11
e 5 9 10
e 9 5 11
e 65 57 10
e 57 65 11
e 85 5 10
e 5 85 11
e 16 25 10
e 25 16 11
e 57 90 10
e 90 57 11
e 52 24 10
e 24 52 11
e 91 16 10
e 16 91 11
e 91 43 10
e 43 91 11
e 66 58 10
e 58 66 11
e 88 19 10
e 19 88 11
e 24 50 10
e 50 24 11
e 91 61 10
e 61 91 11
e 63 64 1
e 94 24 10
e 24 94 11
e 32 43 10
e 43 32 11
e 65 21 10
e 21 65 11
e 61 25 10
e 25 61 11
e 91 68 10
e 68 91 11
e 66 19 10
e 19 66 11
e 66 37 10
e 37 66 11
e 84 37 10
e 37 84 11
e 98 69 10
e 69 98 11
e 68 96 10
e 96 68 11
e 11 50 10
e 50 11 11
e 36 24 10
e 24 36 11
e 32 63 10
e 63 32 11
e 77 80 1
e 84 43 10
e 43 84 11
e 40 24 10
e 24 40 11
e 91 63 10
e 63 91 11
e 26 14 10
e 14 26 11
e 91 69 10
e 69 91 11
e 68 69 10
e 69 68 11
e 66 63 10
e 63 66 11
e 84 83 10
e 83 84 11
e 21 82 10
e 82 21 11
e 48 77 10
e 77 48 11
e 48 96 10
e 96 48 11
e 37 41 10
e 41 37 11
e 85 37 10
e 37 85 11
e 85 63 10
e 63 85 11
e 43 88 10
e 88 43 11
e 48 40 10
e 40 48 11
e 43 41 10
e 41 43 11
e 16 34 10
e 34 16 11
e 68 63 10
e 63 68 11
e 19 56 10
e 56 19 11
e 77 25 10
e 25 77 11
e 36 34 10
e 34 36 11
e 7 21 9
e 58 69 10
e 69 58 11
e 53 63 10
e 63 53 11
e 65 98 10
e 98 65 11
e 83 24 10
e 24 83 11
e 66 5 10
e 5 66 11
e 65 84 10
e 84 65 11
e 26 74 10
e 74 26 11
e 98 38 10
e 38 98 11
e 11 40 10
e 40 11 11
e 68 34 10
e 34 68 11
e 98 37 10
e 37 98 11
e 61 29 10
e 29 61 11
e 61 37 10
e 37 61 11
e 98 19 10
e 19 98 11
e 57 16 10
e 16 57 11
e 62 82 4
e 29 41 10
e 41 29 11
e 98 43 10
e 43 98 11
e 90 69 10
e 69 90 11
e 82 34 10
e 34 82 11
e 57 37 10
e 37 57 11
e 66 77 10
e 77 66 11
e 40 16 10
e 16 40 11
e 98 53 10
e 53 98 11
e 36 41 10
e 41 36 11
e 66 83 10
e 83 66 11
e 52 31 10
e 31 52 11
e 8 7 1
e 21 25 10
e 25 21 11
e 90 58 10
e 58 90 11
e 5 41 10
e 41 5 11
e 52 13 10
e 13 52 11
e 82 96 10
e 96 82 11
e 37 56 10
e 56 37 11
e 98 2 1
e 74 13 10
e 13 74 11
e 64 69 9
e 78 56 10
e 56 78 11
e 84 68 10
e 68 84 11
e 2 36 9
e 57 53 10
e 53 57 11
e 50 69 10
e 69 50 11
e 40 58 10
e 58 40 11
e 26 50 10
e 50 26 11
e 61 96 10
e 96 61 11
e 21 31 10
e 31 21 11
e 85 77 10
e 77 85 11
e 9 31 10
e 31 9 11
e 50 56 10
e 56 50 11
e 91 98 10
e 98 91 11
e 31 53 10
e 53 31 11
e 65 53 10
e 53 65 11
e 21 52 10
e 52 21 11
e 5 53 10
e 53 5 11
e 78 91 10
e 91 78 11
e 9 25 10
e 25 9 11
e 85 34 10
e 34 85 11
e 26 19 10
e 19 26 11
e 52 57 10
e 57 52 11
e 66 41 10
e 41 66 11
e 84 66 10
e 66 84 11
e 96 58 10
e 58 96 11
e 44 45 9
e 45 19 10
e 19 45 11
e 38 31 10
e 31 38 11
e 83 40 10
e 40 83 11
e 21 38 10
e 38 21 11
e 21 58 10
e 58 21 11
e 78 53 10
e 53 78 11
e 90 24 10
e 24 90 11
e 90 37 10
e 37 90 11
e 94 25 10
e 25 94 11
e 83 77 10
e 77 83 11
e 90 45 10
e 45 90 11
e 77 53 10
e 53 77 11
e 48 14 10
e 14 48 11
e 56 69 10
e 69 56 11
e 85 57 10
e 57 85 11
e 40 94 10
e 94 40 11
e 26 94 10
e 94 26 11
e 85 41 10
e 41 85 11
e 77 45 10
e 45 77 11
e 21 41 10
e 41 21 11
e 94 95 1
e 85 53 10
e 53 85 11
e 48 37 10
e 37 48 11
e 32 85 10
e 85 32 11
e 26 83 10
e 83 26 11
e 40 63 10
e 63 40 11
e 98 25 10
e 25 98 11
e 68 90 10
e 90 68 11
e 78 45 10
e 45 78 11
e 84 16 10
e 16 84 11
e 98 5 10
e 5 98 11
e 74 58 10
e 58 74 11
e 78 26 10
e 26 78 11
e 91 38 10
e 38 91 11
e 32 5 10
e 5 32 11
e 29 37 10
e 37 29 11
e 74 41 10
e 41 74 11
e 85 52 10
e 52 85 11
e 52 14 10
e 14 52 11
e 42 57 9
e 36 61 10
e 61 36 11
e 21 66 10
e 66 21 11
e 48 34 10
e 34 48 11
e 48 19 10
e 19 48 11
e 65 83 10
e 83 65 11
e 36 83 10
e 83 36 11
e 21 85 10
e 85 21 11
e 5 31 10
e 31 5 11
e 40 9 10
e 9 40 11
e 40 50 10
e 50 40 11
e 21 29 10
e 29 21 11
e 65 32 10
e 32 65 11
e 98 82 10
e 82 98 11
e 78 13 10
e 13 78 11
e 78 50 10
e 50 78 11
e 9 14 10
e 14 9 11
e 43 94 10
e 94 43 11
e 19 37 10
e 37 19 11
e 77 16 10
e 16 77 11
e 38 90 10
e 90 38 11
e 61 57 10
e 57 61 11
e 67 84 4
e 11 32 10
e 32 11 11
e 11 74 10
e 74 11 11
e 65 24 10
e 24 65 11
e 77 41 10
e 41 77 11
e 85 50 10
e 50 85 11
e 65 77 10
e 77 65 11
e 26 57 10
e 57 26 11
e 32 94 10
e 94 32 11
e 52 94 10
e 94 52 11
e 11 19 10
e 19 11 11
e 98 74 10
e 74 98 11
e 61 83 10
e 83 61 11
e 32 74 10
e 74 32 11
e 57 68 10
e 68 57 11
e 57 58 10
e 58 57 11
e 61 82 10
e 82 61 11
e 31 33 1
e 61 19 10
e 19 61 11
e 61 66 10
e 66 61 11
e 98 34 10
e 34 98 11
e 65 16 10
e 16 65 11
e 38 96 10
e 96 38 11
e 14 69 10
e 69 14 11
e 16 56 10
e 56 16 11
e 88 89 1
e 68 25 10
e 25 68 11
e 49 53 9
e 32 34 10
e 34 32 11
e 40 19 10
e 19 40 11
e 57 77 10
e 77 57 11
e 68 94 10
e 94 68 11
e 36 96 10
e 96 36 11
e 36 45 10
e 45 36 11
e 6 9 9
e 16 19 10
e 19 16 11
e 13 58 10
e 58 13 11
e 38 57 10
e 57 38 11
e 82 68 10
e 68 82 11
e 11 48 10
e 48 11 11
e 40 41 10
e 41 40 11
e 82 63 10
e 63 82 11
e 48 94 10
e 94 48 11
e 78 36 10
e 36 78 11
e 53 15 1
e 45 29 10
e 29 45 11
e 77 14 10
e 14 77 11
e 84 69 10
e 69 84 11
e 21 24 10
e 24 21 11
e 26 58 10
e 58 26 11
e 98 52 10
e 52 98 11
e 43 14 10
e 14 43 11
e 21 90 10
e 90 21 11
e 96 14 10
e 14 96 11
e 84 31 10
e 31 84 11
e 84 38 10
e 38 84 11
e 52 45 10
e 45 52 11
e 19 20 1
e 83 50 10
e 50 83 11
e 34 69 10
e 69 34 11
e 57 31 10
e 31 57 11
e 83 63 10
e 63 83 11
e 66 90 10
e 90 66 11
e 40 42 1
e 26 90 10
e 90 26 11
e 78 96 10
e 96 78 11
e 66 24 10
e 24 66 11
e 91 52 10
e 52 91 11
e 26 88 10
e 88 26 11
e 26 45 10
e 45 26 11
e 88 16 10
e 16 88 11
e 29 58 10
e 58 29 11
e 77 96 10
e 96 77 11
e 38 52 10
e 52 38 11
e 61 85 10
e 85 61 11
e 61 5 10
e 5 61 11
e 82 45 10
e 45 82 11
e 98 29 10
e 29 98 11
e 52 29 10
e 29 52 11
e 26 66 10
e 66 26 11
e 36 58 10
e 58 36 11
e 74 9 10
e 9 74 11
e 74 5 10
e 5 74 11
e 43 29 10
e 29 43 11
e 74 31 10
e 31 74 11
e 82 31 10
e 31 82 11
e 30 41 4
e 91 82 10
e 82 91 11
e 68 31 10
e 31 68 11
e 13 29 10
e 29 13 11
e 78 16 10
e 16 78 11
e 94 37 10
e 37 94 11
e 84 45 10
e 45 84 11
e 90 14 10
e 14 90 11
e 84 21 10
e 21 84 11
e 61 9 10
e 9 61 11
e 43 69 10
e 69 43 11
e 26 77 10
e 77 26 11
e 16 58 10
e 58 16 11
e 84 36 10
e 36 84 11
e 26 85 10
e 85 26 11
e 65 43 10
e 43 65 11
e 74 34 10
e 34 74 11
e 96 97 1
e 68 56 10
e 56 68 11
e 61 90 10
e 90 61 11
e 1 9 9
e 81 82 9
e 13 45 10
e 45 13 11
e 91 34 10
e 34 91 11
e 45 41 10
e 41 45 11
e 13 25 10
e 25 13 11
e 84 40 10
e 40 84 11
e 32 68 10
e 68 32 11
e 84 5 10
e 5 84 11
e 78 25 10
e 25 78 11
e 38 19 10
e 19 38 11
e 40 96 10
e 96 40 11
e 11 68 10
e 68 11 11
e 91 24 10
e 24 91 11
e 30 34 4
e 32 36 10
e 36 32 11
e 32 50 10
e 50 32 11
e 57 9 10
e 9 57 11
e 15 34 9
e 19 69 10
e 69 19 11
e 14 19 10
e 19 14 11
e 0 98 4
e 88 13 10
e 13 88 11
e 11 88 10
e 88 11 11
e 36 94 10
e 94 36 11
e 17 25 9
e 43 66 10
e 66 43 11
e 43 45 10
e 45 43 11
e 82 88 10
e 88 82 11
e 26 28 1
e 21 56 10
e 56 21 11
e 74 16 10
e 16 74 11
e 91 14 10
e 14 91 11
e 0 21 4
e 56 63 10
e 63 56 11
e 65 19 10
e 19 65 11
e 26 61 10
e 61 26 11
e 13 69 10
e 69 13 11
e 57 74 10
e 74 57 11
e 11 26 10
e 26 11 11
e 53 69 10
e 69 53 11
e 65 68 10
e 68 65 11
e 38 74 10
e 74 38 11
e 40 77 10
e 77 40 11
e 26 37 10
e 37 26 11
e 82 41 10
e 41 82 11
e 14 24 10
e 24 14 11
e 43 5 10
e 5 43 11
e 96 41 10
e 41 96 11
e 36 25 10
e 25 36 11
e 98 57 10
e 57 98 11
e 13 53 10
e 53 13 11
e 36 82 10
e 82 36 11
e 94 45 10
e 45 94 11
e 38 94 10
e 94 38 11
e 34 50 10
e 50 34 11
e 21 45 10
e 45 21 11
e 23 52 4
e 14 25 10
e 25 14 11
e 66 13 10
e 13 66 11
e 25 27 1
e 65 14 10
e 14 65 11
e 90 9 10
e 9 90 11
e 18 19 9
e 66 50 10
e 50 66 11
e 24 19 10
e 19 24 11
e 26 34 10
e 34 26 11
e 16 63 10
e 63 16 11
e 36 90 10
e 90 36 11
e 21 57 10
e 57 21 11
e 65 37 10
e 37 65 11
e 36 16 10
e 16 36 11
e 98 21 10
e 21 98 11
e 82 85 10
e 85 82 11
e 21 19 10
e 19 21 11
e 32 40 10
e 40 32 11
e 5 34 10
e 34 5 11
e 78 84 10
e 84 78 11
e 91 29 10
e 29 91 11
e 91 32 10
e 32 91 11
e 61 13 10
e 13 61 11
e 65 90 10
e 90 65 11
e 11 34 10
e 34 11 11
e 94 34 10
e 34 94 11
e 21 36 10
e 36 21 11
e 5 45 10
e 45 5 11
e 90 31 10
e 31 90 11
e 28 36 4
e 96 19 10
e 19 96 11
e 36 66 10
e 66 36 11
e 91 13 10
e 13 91 11
e 36 63 10
e 63 36 11
e 98 11 10
e 11 98 11
e 66 45 10
e 45 66 11
e 24 45 10
e 45 24 11
e 45 37 10
e 37 45 11
e 5 69 10
e 69 5 11
e 80 13 4
e 16 37 10
e 37 16 11
e 98 94 10
e 94 98 11
e 25 53 10
e 53 25 11
e 9 37 10
e 37 9 11
e 85 16 10
e 16 85 11
e 83 69 10
e 69 83 11
e 88 96 10
e 96 88 11
e 25 63 10
e 63 25 11
e 14 58 10
e 58 14 11
e 24 34 10
e 34 24 11
e 57 63 10
e 63 57 11
e 66 40 10
e 40 66 11
e 41 69 10
e 69 41 11
e 25 41 10
e 41 25 11
e 67 91 4
e 85 58 10
e 58 85 11
e 84 57 10
e 57 84 11
e 74 24 10
e 24 74 11
e 91 5 10
e 5 91 11
e 43 61 10
e 61 43 11
e 11 77 10
e 77 11 11
e 40 45 10
e 45 40 11
e 38 45 10
e 45 38 11
e 14 63 10
e 63 14 11
e 32 31 10
e 31 32 11
e 88 41 10
e 41 88 11
e 65 11 10
e 11 65 11
e 21 43 10
e 43 21 11
e 84 63 10
e 63 84 11
e 74 45 10
e 45 74 11
e 32 88 10
e 88 32 11
e 38 24 10
e 24 38 11
e 26 13 10
e 13 26 11
e 84 26 10
e 26 84 11
e 43 82 10
e 82 43 11
e 93 21 9
e 98 36 10
e 36 98 11
e 48 51 1
e 61 77 10
e 77 61 11
e 92 96 4
e 61 63 10
e 63 61 11
e 78 40 10
e 40 78 11
e 36 14 10
e 14 36 11
e 91 26 10
e 26 91 11
e 77 69 10
e 69 77 11
e 61 50 10
e 50 61 11
e 43 52 10
e 52 43 11
e 27 50 4
e 94 14 10
e 14 94 11
e 53 34 10
e 34 53 11
e 53 50 10
e 50 53 11
e 21 69 10
e 69 21 11
e 14 16 10
e 16 14 11
e 83 14 10
e 14 83 11
e 36 74 10
e 74 36 11
e 48 25 10
e 25 48 11
e 52 68 10
e 68 52 11
e 36 9 10
e 9 36 11
e 9 58 10
e 58 9 11
e 84 58 10
e 58 84 11
e 57 69 10
e 69 57 11
e 53 41 10
e 41 53 11
e 83 96 10
e 96 83 11
e 61 68 10
e 68 61 11
e 85 24 10
e 24 85 11
e 84 85 10
e 85 84 11
e 65 96 10
e 96 65 11
e 96 50 10
e 50 96 11
e 78 57 10
e 57 78 11
e 84 41 10
e 41 84 11
e 98 13 10
e 13 98 11
e 91 85 10
e 85 91 11
e 91 53 10
e 53 91 11
e 78 63 10
e 63 78 11
e 30 56 4
e 78 19 10
e 19 78 11
e 85 68 10
e 68 85 11
e 26 53 10
e 53 26 11
e 37 69 10
e 69 37 11
e 11 94 10
e 94 11 11
e 72 37 9
e 84 98 10
e 98 84 11
e 78 69 10
e 69 78 11
e 90 41 10
e 41 90 11
e 66 68 10
e 68 66 11
e 78 66 10
e 66 78 11
e 96 34 10
e 34 96 11
e 96 63 10
e 63 96 11
e 48 85 10
e 85 48 11
e 14 56 10
e 56 14 11
e 48 45 10
e 45 48 11
e 45 50 10
e 50 45 11
e 11 69 10
e 69 11 11
e 77 34 10
e 34 77 11
e 57 14 10
e 14 57 11
e 78 68 10
e 68 78 11
e 31 50 10
e 50 31 11
e 11 31 10
e 31 11 11
e 94 96 10
e 96 94 11
e 40 29 10
e 29 40 11
e 21 48 10
e 48 21 11
e 31 37 10
e 37 31 11
e 48 29 10
e 29 48 11
e 26 40 10
e 40 26 11
e 88 25 10
e 25 88 11
e 52 37 10
e 37 52 11
e 60 63 9
e 51 94 9
e 98 61 10
e 61 98 11
e 29 34 10
e 34 29 11
e 82 77 10
e 77 82 11
e 70 74 9
e 14 34 10
e 34 14 11
e 96 31 10
e 31 96 11
e 52 50 10
e 50 52 11
e 13 56 10
e 56 13 11
e 4 65 9
e 88 53 10
e 53 88 11
e 3 65 9
e 24 63 10
e 63 24 11
e 78 24 10
e 24 78 11
e 26 96 10
e 96 26 11
e 26 9 10
e 9 26 11
e 34 56 10
e 56 34 11
e 78 77 10
e 77 78 11
e 26 36 10
e 36 26 11
e 13 37 10
e 37 13 11
e 24 56 10
e 56 24 11
e 65 69 10
e 69 65 11
e 9 41 10
e 41 9 11
e 26 68 10
e 68 26 11
e 19 50 10
e 50 19 11
e 65 40 10
e 40 65 11
e 68 41 10
e 41 68 11
e 91 21 10
e 21 91 11
e 82 69 10
e 69 82 11
e 5 63 10
e 63 5 11
e 11 83 10
e 83 11 11
e 68 16 10
e 16 68 11
e 84 52 10
e 52 84 11
e 52 9 10
e 9 52 11
e 66 31 10
e 31 66 11
e 82 24 10
e 24 82 11
e 40 68 10
e 68 40 11
e 77 63 10
e 63 77 11
e 91 50 10
e 50 91 11
e 52 88 10
e 88 52 11
e 77 94 10
e 94 77 11
e 29 69 10
e 69 29 11
e 50 54 1
e 32 96 10
e 96 32 11
e 68 5 10
e 5 68 11
e 40 34 10
e 34 40 11
e 52 58 10
e 58 52 11
e 41 63 10
e 63 41 11
e 88 50 10
e 50 88 11
e 45 69 10
e 69 45 11
e 96 24 10
e 24 96 11
e 56 58 10
e 58 56 11
e 82 16 10
e 16 82 11
e 83 88 10
e 88 83 11
e 91 77 10
e 77 91 11
e 94 29 10
e 29 94 11
e 40 53 10
e 53 40 11
e 5 24 10
e 24 5 11
e 41 58 10
e 58 41 11
e 90 19 10
e 19 90 11
e 77 88 10
e 88 77 11
e 48 57 10
e 57 48 11
e 78 31 10
e 31 78 11
e 43 83 10
e 83 43 11
e 43 90 10
e 90 43 11
e 40 57 10
e 57 40 11
e 78 29 10
e 29 78 11
e 11 85 10
e 85 11 11
e 43 57 10
e 57 43 11
e 48 88 10
e 88 48 11
e 90 96 10
e 96 90 11
e 91 9 10
e 9 91 11
e 25 69 10
e 69 25 11
e 52 19 10
e 19 52 11
e 21 37 10
e 37 21 11
e 30 37 4
e 23 32 9
e 73 83 9
e 85 31 10
e 31 85 11
e 21 26 10
e 26 21 11
e 66 9 10
e 9 66 11
e 98 63 10
e 63 98 11
e 91 66 10
e 66 91 11
e 91 19 10
e 19 91 11
e 13 41 10
e 41 13 11
e 38 9 10
e 9 38 11
e 98 66 10
e 66 98 11
e 66 88 10
e 88 66 11
e 40 88 10
e 88 40 11
e 78 14 10
e 14 78 11
e 38 68 10
e 68 38 11
e 11 12 1
e 90 13 10
e 13 90 11
e 74 37 10
e 37 74 11
e 36 53 10
e 53 36 11
e 66 38 10
e 38 66 11
e 82 74 10
e 74 82 11
e 98 48 10
e 48 98 11
e 5 14 10
e 14 5 11
e 89 90 4
e 62 83 4
e 9 56 10
e 56 9 11
e 21 53 10
e 53 21 11
e 51 74 4
e 82 5 10
e 5 82 11
e 94 9 10
e 9 94 11
e 38 56 10
e 56 38 11
e 65 82 10
e 82 65 11
e 40 25 10
e 25 40 11
e 98 83 10
e 83 98 11
e 43 56 10
e 56 43 11
e 36 43 10
e 43 36 11
e 53 58 10
e 58 53 11
e 30 58 4
e 65 58 10
e 58 65 11
e 98 50 10
e 50 98 11
e 37 58 10
e 58 37 11
e 25 31 10
e 31 25 11
e 90 16 10
e 16 90 11
e 77 58 10
e 58 77 11
e 77 24 10
e 24 77 11
e 74 77 10
e 77 74 11
e 61 58 10
e 58 61 11
e 52 90 10
e 90 52 11
e 85 14 10
e 14 85 11
e 94 31 10
e 31 94 11
e 71 82 9
e 13 50 10
e 50 13 11
e 66 69 10
e 69 66 11
e 25 37 10
e 37 25 11
e 11 41 10
e 41 11 11
e 43 48 10
e 48 43 11
e 65 13 10
e 13 65 11
e 61 16 10
e 16 61 11
e 40 90 10
e 90 40 11
e 36 40 10
e 40 36 11
e 5 56 10
e 56 5 11
e 61 45 10
e 45 61 11
e 88 24 10
e 24 88 11
e 98 9 10
e 9 98 11
e 97 9 4
e 66 82 10
e 82 66 11
e 98 31 10
e 31 98 11
e 96 37 10
e 37 96 11
e 96 16 10
e 16 96 11
e 67 11 4
e 85 35 1
e 11 29 10
e 29 11 11
e 68 70 1
e 57 25 10
e 25 57 11
e 36 85 10
e 85 36 11
e 65 26 10
e 26 65 11
e 85 69 10
e 69 85 11
e 38 50 10
e 50 38 11
e 82 37 10
e 37 82 11
e 4 90 9
e 21 96 10
e 96 21 11
e 94 63 10
e 63 94 11
e 5 25 10
e 25 5 11
e 68 53 10
e 53 68 11
e 21 9 10
e 9 21 11
e 98 58 10
e 58 98 11
e 68 77 10
e 77 68 11
e 43 40 10
e 40 43 11
e 43 74 10
e 74 43 11
e 52 25 10
e 25 52 11
e 68 19 10
e 19 68 11
e 45 58 10
e 58 45 11
e 24 41 10
e 41 24 11
e 91 88 10
e 88 91 11
e 84 9 10
e 9 84 11
e 32 19 10
e 19 32 11
e 68 13 10
e 13 68 11
e 74 94 10
e 94 74 11
e 84 61 10
e 61 84 11
e 43 53 10
e 53 43 11
e 61 53 10
e 53 61 11
e 57 13 10
e 13 57 11
e 80 25 4
e 32 90 10
e 90 32 11
e 31 29 10
e 29 31 11
e 32 48 10
e 48 32 11
e 78 34 10
e 34 78 11
e 26 56 10
e 56 26 11
e 66 57 10
e 57 66 11
e 36 5 10
e 5 36 11
e 25 56 10
e 56 25 11
e 5 37 10
e 37 5 11
e 45 63 10
e 63 45 11
e 98 32 10
e 32 98 11
e 66 53 10
e 53 66 11
e 82 38 10
e 38 82 11
e 9 50 10
e 50 9 11
e 83 34 10
e 34 83 11
e 26 5 10
e 5 26 11
e 65 66 10
e 66 65 11
e 52 53 10
e 53 52 11
e 84 53 10
e 53 84 11
e 16 69 10
e 69 16 11
e 31 58 10
e 58 31 11
e 84 14 10
e 14 84 11
e 32 58 10
e 58 32 11
e 61 38 10
e 38 61 11
e 11 25 10
e 25 11 11
e 66 94 10
e 94 66 11
e 77 90 10
e 90 77 11
e 77 29 10
e 29 77 11
e 88 56 10
e 56 88 11
e 43 31 10
e 31 43 11
e 58 63 10
e 63 58 11
e 61 52 10
e 52 61 11
e 22 24 9
e 32 52 10
e 52 32 11
e 88 31 10
e 31 88 11
e 98 41 10
e 41 98 11
e 35 38 9
e 96 9 10
e 9 96 11
e 32 14 10
e 14 32 11
e 66 34 10
e 34 66 11
e 43 19 10
e 19 43 11
e 43 37 10
e 37 43 11
e 78 85 10
e 85 78 11
e 61 34 10
e 34 61 11
e 9 53 10
e 53 9 11
e 88 63 10
e 63 88 11
e 39 41 9
e 28 43 9
e 90 29 10
e 29 90 11
e 61 14 10
e 14 61 11
e 84 91 10
e 91 84 11
e 24 69 10
e 69 24 11
e 13 16 10
e 16 13 11
e 11 61 10
e 61 11 11
e 40 14 10
e 14 40 11
e 83 37 10
e 37 83 11
e 96 13 10
e 13 96 11
e 36 19 10
e 19 36 11
e 90 56 10
e 56 90 11
e 24 37 10
e 37 24 11
e 82 29 10
e 29 82 11
e 48 69 10
e 69 48 11
e 21 74 10
e 74 21 11
e 24 31 10
e 31 24 11
e 48 24 10
e 24 48 11
e 96 53 10
e 53 96 11
e 26 31 10
e 31 26 11
e 21 16 10
e 16 21 11
e 68 74 10
e 74 68 11
e 88 45 10
e 45 88 11
e 75 66 9
e 9 19 10
e 19 9 11
e 65 67 1
e 98 68 10
e 68 98 11
e 14 50 10
e 50 14 11
e 94 13 10
e 13 94 11
e 14 31 10
e 31 14 11
e 38 14 10
e 14 38 11
e 98 90 10
e 90 98 11
e 32 83 10
e 83 32 11
e 74 96 10
e 96 74 11
e 82 19 10
e 19 82 11
e 16 50 10
e 50 16 11
e 52 5 10
e 5 52 11
e 9 45 10
e 45 9 11
e 98 77 10
e 77 98 11
e 24 29 10
e 29 24 11
e 94 58 10
e 58 94 11
e 90 34 10
e 34 90 11
e 16 41 10
e 41 16 11
e 9 24 10
e 24 9 11
e 66 96 10
e 96 66 11
e 66 25 10
e 25 66 11
e 19 41 10
e 41 19 11
e 66 16 10
e 16 66 11
e 82 14 10
e 14 82 11
e 57 50 10
e 50 57 11
e 85 45 10
e 45 85 11
e 83 41 10
e 41 83 11
e 36 88 10
e 88 36 11
e 29 50 10
e 50 29 11
e 34 58 10
e 58 34 11
e 32 37 10
e 37 32 11
e 91 83 10
e 83 91 11
e 38 13 10
e 13 38 11
e 78 61 10
e 61 78 11
e 85 88 10
e 88 85 11
e 91 25 10
e 25 91 11
e 29 56 10
e 56 29 11
e 11 53 10
e 53 11 11
e 53 37 10
e 37 53 11
e 61 56 10
e 56 61 11
e 83 90 10
e 90 83 11
e 43 85 10
e 85 43 11
e 32 13 10
e 13 32 11
e 14 53 10
e 53 14 11
e 32 29 10
e 29 32 11
e 84 48 10
e 48 84 11
e 82 57 10
e 57 82 11
e 24 25 10
e 25 24 11
e 83 5 10
e 5 83 11
e 57 59 1
e 91 48 10
e 48 91 11
e 24 53 10
e 53 24 11
e 31 41 10
e 41 31 11
e 11 82 10
e 82 11 11
e 36 52 10
e 52 36 11
e 37 50 10
e 50 37 11
e 84 77 10
e 77 84 11
e 91 31 10
e 31 91 11
e 74 19 10
e 19 74 11
e 29 30 1
e 48 83 10
e 83 48 11
e 77 13 10
e 13 77 11
e 85 38 10
e 38 85 11
e 48 68 10
e 68 48 11
e 48 63 10
e 63 48 11
e 27 56 9
e 14 41 10
e 41 14 11
e 85 74 10
e 74 85 11
e 83 38 10
e 38 83 11
e 66 52 10
e 52 66 11
e 38 41 10
e 41 38 11
e 66 56 10
e 56 66 11
e 78 52 10
e 52 78 11
e 25 34 10
e 34 25 11
e 25 19 10
e 19 25 11
e 11 52 10
e 52 11 11
e 43 38 10
e 38 43 11
e 38 25 10
e 25 38 11
e 90 92 1
e 82 53 10
e 53 82 11
e 65 45 10
e 45 65 11
e 43 25 10
e 25 43 11
e 57 34 10
e 34 57 11
e 86 40 9
e 61 40 10
e 40 61 11
e 41 56 10
e 56 41 11
e 26 38 10
e 38 26 11
e 9 10 1
e 88 29 10
e 29 88 11
e 36 50 10
e 50 36 11
e 83 56 10
e 56 83 11
e 19 63 10
e 63 19 11
e 74 56 10
e 56 74 11
e 48 74 10
e 74 48 11
e 21 61 10
e 61 21 11
e 85 9 10
e 9 85 11
e 85 13 10
e 13 85 11
e 9 63 10
e 63 9 11
e 84 56 10
e 56 84 11
e 9 13 10
e 13 9 11
e 43 68 10
e 68 43 11
e 38 88 10
e 88 38 11
e 65 9 10
e 9 65 11
e 13 34 10
e 34 13 11
e 83 31 10
e 31 83 11
e 40 74 10
e 74 40 11
e 68 58 10
e 58 68 11
e 74 69 10
e 69 74 11
e 26 69 10
e 69 26 11
e 95 96 9
e 9 34 10
e 34 9 11
e 19 58 10
e 58 19 11
e 88 37 10
e 37 88 11
e 83 74 10
e 74 83 11
e 43 63 10
e 63 43 11
e 96 25 10
e 25 96 11
e 91 36 10
e 36 91 11
e 83 9 10
e 9 83 11
e 5 50 10
e 50 5 11
e 62 85 9
e 65 34 10
e 34 65 11
e 11 57 10
e 57 11 11
e 48 5 10
e 5 48 11
e 84 74 10
e 74 84 11
e 98 24 10
e 24 98 11
e 19 29 10
e 29 19 11
e 32 61 10
e 61 32 11
e 32 9 10
e 9 32 11
e 78 82 10
e 82 78 11
e 84 96 10
e 96 84 11
e 77 37 10
e 37 77 11
e 77 5 10
e 5 77 11
e 48 41 10
e 41 48 11
e 78 32 10
e 32 78 11
e 9 29 10
e 29 9 11
e 57 96 10
e 96 57 11
e 11 66 10
e 66 11 11
e 91 45 10
e 45 91 11
e 36 57 10
e 57 36 11
e 93 98 9
e 45 53 10
e 53 45 11
e 65 85 10
e 85 65 11
e 48 61 10
e 61 48 11
e 65 52 10
e 52 65 11
e 11 58 10
e 58 11 11
e 83 85 10
e 85 83 11
e 91 41 10
e 41 91 11
e 21 50 10
e 50 21 11
e 84 94 10
e 94 84 11
e 52 77 10
e 77 52 11
e 94 56 10
e 56 94 11
e 98 45 10
e 45 98 11
e 36 31 10
e 31 36 11
e 38 37 10
e 37 38 11
e 38 69 10
e 69 38 11
e 84 90 10
e 90 84 11
e 26 16 10
e 16 26 11
e 78 21 10
e 21 78 11
e 14 29 10
e 29 14 11
e 21 68 10
e 68 21 11
e 82 52 10
e 52 82 11
e 98 96 10
e 96 98 11
e 36 29 10
e 29 36 11
e 78 37 10
e 37 78 11
e 38 16 10
e 16 38 11
e 11 38 10
e 38 11 11
e 9 69 10
e 69 9 11
e 78 90 10
e 90 78 11
e 25 29 10
e 29 25 11
e 94 41 10
e 41 94 11
e 48 56 10
e 56 48 11
e 48 66 10
e 66 48 11
e 65 63 10
e 63 65 11
e 65 31 10
e 31 65 11
e 52 69 10
e 69 52 11
e 32 45 10
e 45 32 11
e 74 63 10
e 63 74 11
e 91 37 10
e 37 91 11
e 83 52 10
e 52 83 11
e 21 77 10
e 77 21 11
e 83 45 10
e 45 83 11
e 17 24 4
e 78 79 1
e 85 19 10
e 19 85 11
e 11 37 10
e 37 11 11
e 32 77 10
e 77 32 11
e 85 94 10
e 94 85 11
e 68 29 10
e 29 68 11
e 90 25 10
e 25 90 11
e 16 17 1
e 83 53 10
e 53 83 11
e 90 50 10
e 50 90 11
e 26 48 10
e 48 26 11
e 11 63 10
e 63 11 11
e 16 24 10
e 24 16 11
e 65 88 10
e 88 65 11
e 85 29 10
e 29 85 11
e 78 94 10
e 94 78 11
e 21 83 10
e 83 21 11
e 40 56 10
e 56 40 11
e 96 45 10
e 45 96 11
e 28 32 4
e 65 56 10
e 56 65 11
e 66 74 10
e 74 66 11
e 33 45 9
e 78 58 10
e 58 78 11
-
t # 3 U 1
v 0 118
v 1 119
v 2 52
v 3 9
v 4 1
v 5 23
v 6 120
v 7 1
v 8 121
v 9 24
v 10 1
v 11 13
v 12 122
v 13 123
v 14 124
v 15 48
v 16 8
v 17 125
v 18 11
v 19 12
v 20 27
v 21 10
v 22 1
v 23 126
v 24 127
v 25 15
v 26 124
v 27 17
v 28 48
v 29 19
v 30 121
v 31 7
v 32 128
e 18 19 1
e 27 20 4
e 20 17 10
e 17 20 11
e 25 26 10
e 26 25 11
e 21 32 10
e 32 21 11
e 5 32 10
e 32 5 11
e 22 24 9
e 17 23 1
e 6 8 10
e 8 6 11
e 3 32 10
e 32 3 11
e 5 3 10
e 3 5 11
e 6 14 10
e 14 6 11
e 3 20 10
e 20 3 11
e 6 26 10
e 26 6 11
e 3 4 1
e 3 8 10
e 8 3 11
e 20 14 10
e 14 20 11
e 5 25 10
e 25 5 11
e 25 3 10
e 3 25 11
e 5 18 10
e 18 5 11
e 26 32 10
e 32 26 11
e 18 30 10
e 30 18 11
e 6 32 10
e 32 6 11
e 23 11 9
e 17 11 10
e 11 17 11
e 5 9 1
e 15 8 9
e 5 21 10
e 21 5 11
e 25 14 10
e 14 25 11
e 32 8 10
e 8 32 11
e 25 32 10
e 32 25 11
e 21 3 10
e 3 21 11
e 25 20 10
e 20 25 11
e 5 11 10
e 11 5 11
e 6 11 10
e 11 6 11
e 21 8 10
e 8 21 11
e 18 26 10
e 26 18 11
e 18 21 10
e 21 18 11
e 25 17 10
e 17 25 11
e 0 6 4
e 26 14 10
e 14 26 11
e 3 30 10
e 30 3 11
e 18 25 10
e 25 18 11
e 21 30 10
e 30 21 11
e 20 6 10
e 6 20 11
e 18 17 10
e 17 18 11
e 23 8 4
e 5 26 10
e 26 5 11
e 26 28 1
e 14 30 10
e 30 14 11
e 2 5 9
e 25 8 10
e 8 25 11
e 27 3 4
e 25 6 10
e 6 25 11
e 13 32 4
e 3 6 10
e 6 3 11
e 4 12 9
e 30 8 10
e 8 30 11
e 18 20 10
e 20 18 11
e 17 30 10
e 30 17 11
e 6 30 10
e 30 6 11
e 3 26 10
e 26 3 11
e 16 21 9
e 21 17 10
e 17 21 11
e 31 8 9
e 20 30 10
e 30 20 11
e 6 17 10
e 17 6 11
e 8 11 10
e 11 8 11
e 26 8 10
e 8 26 11
e 32 14 10
e 14 32 11
e 1 26 4
e 20 32 10
e 32 20 11
e 5 30 10
e 30 5 11
e 3 17 10
e 17 3 11
e 18 6 10
e 6 18 11
e 18 3 10
e 3 18 11
e 32 30 10
e 30 32 11
e 14 17 10
e 17 14 11
e 3 11 10
e 11 3 11
e 25 30 10
e 30 25 11
e 5 8 10
e 8 5 11
e 9 21 4
e 19 21 9
e 20 26 10
e 26 20 11
e 5 17 10
e 17 5 11
e 18 11 10
e 11 18 11
e 21 6 10
e 6 21 11
e 20 11 10
e 11 20 11
e 6 7 1
e 21 20 10
e 20 21 11
e 21 25 10
e 25 21 11
e 25 11 10
e 11 25 11
e 21 26 10
e 26 21 11
e 32 10 1
e 18 8 10
e 8 18 11
e 5 20 10
e 20 5 11
e 14 11 10
e 11 14 11
e 10 14 9
e 32 11 10
e 11 32 11
e 20 8 10
e 8 20 11
e 28 30 9
e 12 13 1
e 21 11 10
e 11 21 11
e 18 32 10
e 32 18 11
e 1 14 4
e 21 14 10
e 14 21 11
e 20 22 1
e 14 8 10
e 8 14 11
e 5 6 10
e 6 5 11
e 26 11 10
e 11 26 11
e 3 14 10
e 14 3 11
e 9 25 4
e 26 30 10
e 30 26 11
e 7 26 9
e 29 30 9
e 5 14 10
e 14 5 11
e 30 11 10
e 11 30 11
e 24 0 1
e 23 30 4
e 17 8 10
e 8 17 11
e 14 15 1
e 18 14 10
e 14 18 11
e 32 17 10
e 17 32 11
e 26 17 10
e 17 26 11
e 25 27 1
-
t # 4 U 1
v 0 10
v 1 24
v 2 15
v 3 1
v 4 129
v 5 13
v 6 130
v 7 11
v 8 12
v 9 52
v 10 23
e 10 2 10
e 2 10 11
e 7 8 1
e 2 5 10
e 5 2 11
e 10 5 10
e 5 10 11
e 0 2 10
e 2 0 11
e 10 7 10
e 7 10 11
e 8 0 9
e 9 10 9
e 3 5 9
e 7 2 10
e 2 7 11
e 1 0 4
e 10 1 1
e 0 5 10
e 5 0 11
e 7 5 10
e 5 7 11
e 6 10 9
e 4 0 9
e 1 2 4
e 7 0 10
e 0 7 11
e 2 3 1
e 10 0 10
e 0 10 11
-
t # 5 U 1
v 0 1
v 1 131
v 2 46
v 3 5
v 4 11
v 5 132
v 6 12
v 7 133
v 8 10
v 9 134
v 10 23
v 11 1
v 12 15
v 13 33
v 14 24
v 15 17
v 16 13
v 17 135
e 10 12 10
e 12 10 11
e 9 12 10
e 12 9 11
e 10 13 10
e 13 10 11
e 13 8 10
e 8 13 11
e 13 0 1
e 12 16 10
e 16 12 11
e 2 10 9
e 14 12 4
e 11 1 9
e 1 3 10
e 3 1 11
e 1 4 10
e 4 1 11
e 13 16 10
e 16 13 11
e 9 13 10
e 13 9 11
e 3 8 10
e 8 3 11
e 4 3 10
e 3 4 11
e 9 1 10
e 1 9 11
e 4 8 10
e 8 4 11
e 17 1 4
e 9 4 10
e 4 9 11
e 1 8 10
e 8 1 11
e 1 10 10
e 10 1 11
e 9 8 10
e 8 9 11
e 6 3 4
e 10 4 10
e 4 10 11
e 3 12 10
e 12 3 11
e 8 12 10
e 12 8 11
e 9 3 10
e 3 9 11
e 0 3 9
e 5 9 9
e 6 8 9
e 4 16 10
e 16 4 11
e 14 8 4
e 9 16 10
e 16 9 11
e 10 16 10
e 16 10 11
e 13 3 10
e 3 13 11
e 1 12 10
e 12 1 11
e 9 11 1
e 4 6 1
e 4 13 10
e 13 4 11
e 10 8 10
e 8 10 11
e 2 9 9
e 15 16 9
e 12 15 1
e 1 13 10
e 13 1 11
e 9 10 10
e 10 9 11
e 10 3 10
e 3 10 11
e 1 16 10
e 16 1 11
e 13 12 10
e 12 13 11
e 3 16 10
e 16 3 11
e 4 12 10
e 12 4 11
e 8 16 10
e 16 8 11
e 5 8 9
e 10 14 1
e 7 9 9
-
t # 6 U 1
v 0 136
v 1 17
v 2 10
v 3 137
v 4 34
v 5 39
v 6 8
v 7 37
v 8 138
v 9 40
v 10 1
v 11 139
v 12 140
v 13 39
v 14 7
v 15 141
v 16 40
v 17 1
v 18 52
v 19 142
v 20 143
v 21 24
v 22 1
v 23 143
v 24 39
v 25 144
v 26 40
v 27 1
v 28 13
v 29 39
v 30 19
v 31 136
v 32 14
v 33 40
v 34 17
e 32 11 8
e 11 3 6
e 33 29 1
e 11 28 10
e 28 11 11
e 19 8 10
e 8 19 11
e 26 28 10
e 28 26 11
e 30 33 9
e 16 31 10
e 31 16 11
e 31 0 6
e 26 8 10
e 8 26 11
e 0 28 10
e 28 0 11
e 12 2 9
e 26 19 10
e 19 26 11
e 26 2 10
e 2 26 11
e 16 28 10
e 28 16 11
e 32 20 8
e 31 19 10
e 19 31 11
e 33 8 10
e 8 33 11
e 25 26 9
e 9 31 10
e 31 9 11
e 16 8 10
e 8 16 11
e 32 0 8
e 33 15 10
e 15 33 11
e 15 0 10
e 0 15 11
e 25 24 1
e 0 1 1
e 32 3 4
e 26 11 10
e 11 26 11
e 32 23 4
e 31 0 10
e 0 31 11
e 11 0 6
e 22 0 4
e 31 8 10
e 8 31 11
e 16 0 10
e 0 16 11
e 13 23 9
e 11 0 10
e 0 11 11
e 9 28 10
e 28 9 11
e 2 0 10
e 0 2 11
e 23 3 6
e 11 7 10
e 7 11 11
e 31 2 10
e 2 31 11
e 7 28 10
e 28 7 11
e 2 28 10
e 28 2 11
e 8 15 10
e 15 8 11
e 31 3 6
e 13 20 9
e 17 3 9
e 16 11 10
e 11 16 11
e 6 5 1
e 32 20 4
e 26 7 10
e 7 26 11
e 19 15 10
e 15 19 11
e 14 13 1
e 16 19 10
e 19 16 11
e 26 0 10
e 0 26 11
e 8 0 10
e 0 8 11
e 31 11 10
e 11 31 11
e 32 3 8
e 26 31 10
e 31 26 11
e 9 15 10
e 15 9 11
e 5 2 9
e 19 2 10
e 2 19 11
e 30 29 1
e 9 19 10
e 19 9 11
e 9 8 10
e 8 9 11
e 6 9 9
e 18 19 9
e 26 24 1
e 33 0 10
e 0 33 11
e 9 11 10
e 11 9 11
e 31 20 6
e 33 31 10
e 31 33 11
e 31 15 10
e 15 31 11
e 16 13 1
e 11 15 10
e 15 11 11
e 26 15 10
e 15 26 11
e 33 11 10
e 11 33 11
e 27 31 4
e 8 10 1
e 11 8 10
e 8 11 11
e 23 27 1
e 11 2 10
e 2 11 11
e 31 34 1
e 8 28 10
e 28 8 11
e 19 21 1
e 32 23 8
e 15 28 10
e 28 15 11
e 33 19 10
e 19 33 11
e 19 28 10
e 28 19 11
e 2 8 10
e 8 2 11
e 15 17 1
e 9 16 10
e 16 9 11
e 1 28 9
e 9 7 10
e 7 9 11
e 34 11 9
e 11 20 6
e 16 2 10
e 2 16 11
e 31 28 10
e 28 31 11
e 16 15 10
e 15 16 11
e 9 5 1
e 29 20 9
e 21 8 4
e 19 0 10
e 0 19 11
e 20 22 1
e 13 3 9
e 11 19 10
e 19 11 11
e 16 7 10
e 7 16 11
e 14 16 9
e 21 2 4
e 10 15 9
e 32 28 8
e 33 2 10
e 2 33 11
e 29 3 9
e 9 0 10
e 0 9 11
e 32 31 8
e 33 28 10
e 28 33 11
e 29 23 9
e 31 7 10
e 7 31 11
e 24 2 9
e 34 28 9
e 26 33 10
e 33 26 11
e 33 7 10
e 7 33 11
e 9 2 10
e 2 9 11
e 2 15 10
e 15 2 11
e 23 0 6
e 23 20 6
e 4 7 9
-
t # 7 U 1
v 0 145
v 1 146
v 2 9
v 3 147
v 4 148
v 5 149
v 6 150
v 7 23
v 8 15
v 9 151
v 10 24
v 11 17
v 12 35
v 13 152
v 14 37
v 15 27
v 16 1
v 17 153
v 18 154
v 19 140
v 20 10
v 21 1
v 22 155
e 14 12 10
e 12 14 11
e 6 9 1
e 7 2 10
e 2 7 11
e 20 15 10
e 15 20 11
e 16 3 9
e 9 20 9
e 15 16 1
e 8 15 10
e 15 8 11
e 21 6 9
e 10 20 4
e 10 8 4
e 4 5 1
e 20 8 10
e 8 20 11
e 0 7 9
e 17 20 10
e 20 17 11
e 2 15 10
e 15 2 11
e 5 12 9
e 14 4 2
e 8 2 10
e 2 8 11
e 17 8 10
e 8 17 11
e 11 2 4
e 7 8 10
e 8 7 11
e 8 11 1
e 14 4 10
e 4 14 11
e 17 15 10
e 15 17 11
e 11 15 4
e 13 14 9
e 20 2 10
e 2 20 11
e 18 17 4
e 13 4 9
e 14 12 2
e 7 10 1
e 4 12 10
e 12 4 11
e 17 2 10
e 2 17 11
e 7 17 10
e 17 7 11
e 1 4 9
e 7 20 10
e 20 7 11
e 19 20 9
e 17 21 1
e 7 15 10
e 15 7 11
-
t # 8 U 1
v 0 1
v 1 132
v 2 156
v 3 157
v 4 158
v 5 159
v 6 23
v 7 46
v 8 13
v 9 24
v 10 5
v 11 10
v 12 11
v 13 12
v 14 15
e 5 10 9
e 14 8 10
e 8 14 11
e 2 4 10
e 4 2 11
e 4 11 10
e 11 4 11
e 12 10 10
e 10 12 11
e 2 6 10
e 6 2 11
e 12 8 10
e 8 12 11
e 6 14 10
e 14 6 11
e 4 6 10
e 6 4 11
e 2 11 10
e 11 2 11
e 4 8 10
e 8 4 11
e 2 8 10
e 8 2 11
e 2 12 10
e 12 2 11
e 4 14 10
e 14 4 11
e 0 8 9
e 2 14 10
e 14 2 11
e 13 10 4
e 6 8 10
e 8 6 11
e 6 9 1
e 4 10 10
e 10 4 11
e 7 6 9
e 6 10 10
e 10 6 11
e 6 12 10
e 12 6 11
e 9 11 4
e 11 14 10
e 14 11 11
e 6 11 10
e 11 6 11
e 14 0 1
e 12 11 10
e 11 12 11
e 10 11 10
e 11 10 11
e 9 14 4
e 2 3 1
e 12 14 10
e 14 12 11
e 2 10 10
e 10 2 11
e 11 8 10
e 8 11 11
e 12 13 1
e 13 11 9
e 3 4 9
e 1 11 9
e 10 14 10
e 14 10 11
e 10 8 10
e 8 10 11
e 4 12 10
e 12 4 11
-
t # 9 U 1
v 0 15
v 1 24
v 2 1
v 3 10
v 4 13
v 5 33
v 6 11
v 7 1
v 8 12
v 9 46
v 10 132
v 11 5
v 12 23
e 0 2 1
e 11 0 10
e 0 11 11
e 3 11 10
e 11 3 11
e 12 3 10
e 3 12 11
e 10 3 9
e 8 3 9
e 3 0 10
e 0 3 11
e 12 4 10
e 4 12 11
e 1 0 4
e 7 11 9
e 5 4 10
e 4 5 11
e 11 4 10
e 4 11 11
e 1 3 4
e 12 5 10
e 5 12 11
e 12 1 1
e 2 4 9
e 8 11 4
e 5 0 10
e 0 5 11
e 6 4 10
e 4 6 11
e 12 11 10
e 11 12 11
e 12 0 10
e 0 12 11
e 5 11 10
e 11 5 11
e 6 3 10
e 3 6 11
e 6 0 10
e 0 6 11
e 6 8 1
e 3 4 10
e 4 3 11
e 6 11 10
e 11 6 11
e 5 7 1
e 0 4 10
e 4 0 11
e 3 5 10
e 5 3 11
e 9 12 9
e 6 5 10
e 5 6 11
e 12 6 10
e 6 12 11
-
t # 10 U 1
v 0 15
v 1 1
v 2 52
v 3 23
v 4 24
v 5 13
v 6 5
v 7 8
v 8 10
v 9 11
v 10 12
v 11 159
e 8 5 10
e 5 8 11
e 9 0 10
e 0 9 11
e 9 10 1
e 8 0 10
e 0 8 11
e 6 5 10
e 5 6 11
e 0 1 1
e 6 8 10
e 8 6 11
e 7 8 9
e 1 5 9
e 11 6 9
e 10 8 9
e 3 6 10
e 6 3 11
e 9 8 10
e 8 9 11
e 3 9 10
e 9 3 11
e 3 4 1
e 6 0 10
e 0 6 11
e 4 8 4
e 3 8 10
e 8 3 11
e 10 6 4
e 3 0 10
e 0 3 11
e 9 6 10
e 6 9 11
e 3 5 10
e 5 3 11
e 2 3 9
e 4 0 4
e 9 5 10
e 5 9 11
e 0 5 10
e 5 0 11
-
t # 11 U 1
v 0 160
v 1 161
v 2 1
v 3 162
v 4 163
v 5 164
v 6 165
v 7 84
v 8 13
v 9 166
v 10 37
v 11 167
v 12 168
v 13 67
v 14 13
v 15 84
v 16 169
v 17 170
v 18 163
v 19 171
v 20 159
v 21 172
v 22 173
v 23 174
v 24 69
v 25 175
v 26 163
v 27 15
v 28 73
v 29 37
v 30 176
v 31 13
v 32 84
v 33 177
v 34 168
v 35 73
v 36 73
v 37 139
v 38 178
v 39 167
v 40 37
v 41 179
v 42 163
v 43 163
v 44 37
v 45 180
v 46 13
v 47 84
v 48 181
v 49 175
v 50 9
v 51 14
v 52 14
v 53 177
v 54 17
v 55 84
v 56 13
v 57 13
v 58 182
v 59 37
v 60 163
v 61 1
v 62 33
v 63 183
v 64 184
v 65 27
v 66 84
v 67 13
v 68 185
v 69 186
v 70 22
v 71 23
v 72 24
v 73 11
v 74 12
v 75 187
v 76 188
v 77 1
v 78 189
v 79 8
v 80 10
v 81 167
v 82 37
v 83 190
v 84 191
v 85 192
v 86 193
v 87 163
v 88 177
v 89 84
v 90 13
v 91 194
v 92 37
v 93 195
v 94 163
v 95 84
v 96 13
e 20 69 9
e 3 56 10
e 56 3 11
e 43 48 10
e 48 43 11
e 85 84 9
e 24 28 4
e 73 80 10
e 80 73 11
e 59 67 10
e 67 59 11
e 72 80 4
e 50 69 10
e 69 50 11
e 7 8 9
e 27 50 10
e 50 27 11
e 22 67 10
e 67 22 11
e 53 57 10
e 57 53 11
e 22 28 10
e 28 22 11
e 80 56 10
e 56 80 11
e 80 28 10
e 28 80 11
e 71 69 10
e 69 71 11
e 71 3 10
e 3 71 11
e 37 23 10
e 23 37 11
e 4 8 10
e 8 4 11
e 3 35 10
e 35 3 11
e 89 90 9
e 92 4 10
e 4 92 11
e 19 23 10
e 23 19 11
e 39 40 9
e 44 17 2
e 73 3 10
e 3 73 11
e 0 16 10
e 16 0 11
e 25 5 9
e 92 6 2
e 3 36 10
e 36 3 11
e 54 65 4
e 72 27 4
e 50 35 10
e 35 50 11
e 84 3 10
e 3 84 11
e 50 1 10
e 1 50 11
e 47 46 9
e 10 31 10
e 31 10 11
e 44 18 2
e 27 62 10
e 62 27 11
e 27 84 10
e 84 27 11
e 22 57 6
e 65 84 10
e 84 65 11
e 73 69 10
e 69 73 11
e 70 71 9
e 13 28 10
e 28 13 11
e 40 57 2
e 80 3 10
e 3 80 11
e 30 29 9
e 0 1 10
e 1 0 11
e 59 60 2
e 37 0 10
e 0 37 11
e 35 28 10
e 28 35 11
e 5 56 10
e 56 5 11
e 3 28 10
e 28 3 11
e 22 37 10
e 37 22 11
e 44 18 10
e 18 44 11
e 87 90 10
e 90 87 11
e 58 64 4
e 29 48 2
e 45 17 4
e 27 78 10
e 78 27 11
e 80 69 10
e 69 80 11
e 65 62 10
e 62 65 11
e 83 5 4
e 22 67 6
e 50 28 10
e 28 50 11
e 76 56 10
e 56 76 11
e 69 84 10
e 84 69 11
e 52 4 4
e 68 76 9
e 71 78 10
e 78 71 11
e 69 76 10
e 76 69 11
e 37 35 10
e 35 37 11
e 37 57 10
e 57 37 11
e 92 8 2
e 40 57 10
e 57 40 11
e 12 36 9
e 22 16 10
e 16 22 11
e 37 16 10
e 16 37 11
e 86 87 9
e 73 1 10
e 1 73 11
e 27 1 10
e 1 27 11
e 59 64 2
e 60 67 10
e 67 60 11
e 13 24 1
e 44 14 2
e 71 72 1
e 66 67 9
e 65 56 10
e 56 65 11
e 35 56 10
e 56 35 11
e 84 28 10
e 28 84 11
e 64 67 10
e 67 64 11
e 73 28 10
e 28 73 11
e 59 60 10
e 60 59 11
e 38 26 9
e 26 33 10
e 33 26 11
e 37 96 10
e 96 37 11
e 82 90 2
e 62 61 1
e 50 3 10
e 3 50 11
e 37 57 6
e 13 36 10
e 36 13 11
e 62 78 10
e 78 62 11
e 63 78 4
e 24 56 9
e 71 35 10
e 35 71 11
e 5 16 10
e 16 5 11
e 80 62 10
e 62 80 11
e 22 96 6
e 19 16 10
e 16 19 11
e 87 88 10
e 88 87 11
e 71 65 10
e 65 71 11
e 27 5 10
e 5 27 11
e 2 1 9
e 11 33 4
e 19 36 10
e 36 19 11
e 37 67 6
e 22 96 10
e 96 22 11
e 92 6 10
e 6 92 11
e 62 5 10
e 5 62 11
e 78 1 10
e 1 78 11
e 38 18 9
e 24 36 4
e 37 28 10
e 28 37 11
e 73 78 10
e 78 73 11
e 40 42 2
e 23 25 1
e 65 36 10
e 36 65 11
e 22 3 10
e 3 22 11
e 22 64 10
e 64 22 11
e 80 65 10
e 65 80 11
e 69 36 10
e 36 69 11
e 75 35 9
e 10 31 2
e 37 42 10
e 42 37 11
e 23 36 10
e 36 23 11
e 65 28 10
e 28 65 11
e 50 62 10
e 62 50 11
e 62 76 10
e 76 62 11
e 50 49 1
e 19 21 1
e 62 1 10
e 1 62 11
e 23 35 10
e 35 23 11
e 22 0 10
e 0 22 11
e 22 36 10
e 36 22 11
e 0 23 10
e 23 0 11
e 38 43 9
e 58 59 9
e 94 96 10
e 96 94 11
e 19 3 10
e 3 19 11
e 43 46 10
e 46 43 11
e 0 19 10
e 19 0 11
e 84 5 10
e 5 84 11
e 13 56 10
e 56 13 11
e 11 10 9
e 1 28 10
e 28 1 11
e 84 35 10
e 35 84 11
e 16 36 10
e 36 16 11
e 76 5 10
e 5 76 11
e 71 1 10
e 1 71 11
e 52 18 4
e 78 16 10
e 16 78 11
e 82 87 2
e 73 16 10
e 16 73 11
e 71 27 10
e 27 71 11
e 69 5 10
e 5 69 11
e 73 35 10
e 35 73 11
e 62 28 10
e 28 62 11
e 82 87 10
e 87 82 11
e 50 84 10
e 84 50 11
e 76 28 10
e 28 76 11
e 83 1 4
e 37 3 10
e 3 37 11
e 23 56 10
e 56 23 11
e 22 19 10
e 19 22 11
e 27 76 10
e 76 27 11
e 27 3 10
e 3 27 11
e 65 35 10
e 35 65 11
e 19 28 10
e 28 19 11
e 27 65 10
e 65 27 11
e 65 16 10
e 16 65 11
e 16 35 10
e 35 16 11
e 65 69 10
e 69 65 11
e 84 83 1
e 69 78 10
e 78 69 11
e 84 16 10
e 16 84 11
e 79 80 9
e 19 56 10
e 56 19 11
e 54 50 4
e 9 23 9
e 52 94 4
e 65 76 10
e 76 65 11
e 69 56 10
e 56 69 11
e 78 36 10
e 36 78 11
e 22 53 10
e 53 22 11
e 19 5 10
e 5 19 11
e 76 75 1
e 37 60 10
e 60 37 11
e 73 5 10
e 5 73 11
e 23 28 10
e 28 23 11
e 80 76 10
e 76 80 11
e 37 19 10
e 19 37 11
e 84 36 10
e 36 84 11
e 76 1 10
e 1 76 11
e 73 84 10
e 84 73 11
e 40 53 2
e 91 6 4
e 52 43 4
e 76 36 10
e 36 76 11
e 37 96 6
e 69 28 10
e 28 69 11
e 69 3 10
e 3 69 11
e 76 16 10
e 16 76 11
e 65 63 1
e 61 69 9
e 27 16 10
e 16 27 11
e 36 28 10
e 28 36 11
e 23 3 10
e 3 23 11
e 44 14 10
e 14 44 11
e 28 56 10
e 56 28 11
e 71 62 10
e 62 71 11
e 5 1 10
e 1 5 11
e 42 57 10
e 57 42 11
e 29 43 2
e 22 1 10
e 1 22 11
e 5 35 10
e 35 5 11
e 91 92 9
e 40 42 10
e 42 40 11
e 39 53 4
e 15 14 9
e 22 59 10
e 59 22 11
e 78 5 10
e 5 78 11
e 22 60 10
e 60 22 11
e 32 31 9
e 10 33 2
e 27 69 10
e 69 27 11
e 80 1 10
e 1 80 11
e 49 28 9
e 50 56 10
e 56 50 11
e 71 76 10
e 76 71 11
e 23 5 10
e 5 23 11
e 18 14 10
e 14 18 11
e 0 36 10
e 36 0 11
e 34 0 9
e 52 26 4
e 62 69 10
e 69 62 11
e 27 36 10
e 36 27 11
e 62 36 10
e 36 62 11
e 22 42 10
e 42 22 11
e 77 76 9
e 40 53 10
e 53 40 11
e 78 35 10
e 35 78 11
e 33 31 10
e 31 33 11
e 0 35 10
e 35 0 11
e 82 88 2
e 73 50 10
e 50 73 11
e 73 65 10
e 65 73 11
e 78 28 10
e 28 78 11
e 82 90 10
e 90 82 11
e 29 48 10
e 48 29 11
e 78 56 10
e 56 78 11
e 73 74 1
e 17 14 10
e 14 17 11
e 76 84 10
e 84 76 11
e 71 5 10
e 5 71 11
e 78 77 1
e 81 82 9
e 82 88 10
e 88 82 11
e 80 36 10
e 36 80 11
e 80 84 10
e 84 80 11
e 0 5 10
e 5 0 11
e 50 65 10
e 65 50 11
e 69 35 10
e 35 69 11
e 81 88 4
e 22 35 10
e 35 22 11
e 69 16 10
e 16 69 11
e 80 5 10
e 5 80 11
e 37 23 6
e 71 84 10
e 84 71 11
e 3 1 10
e 1 3 11
e 37 67 10
e 67 37 11
e 37 64 10
e 64 37 11
e 29 43 10
e 43 29 11
e 76 35 10
e 35 76 11
e 27 56 10
e 56 27 11
e 50 5 10
e 5 50 11
e 48 46 10
e 46 48 11
e 37 0 6
e 19 35 10
e 35 19 11
e 10 26 10
e 26 10 11
e 50 78 10
e 78 50 11
e 50 36 10
e 36 50 11
e 45 44 9
e 36 35 10
e 35 36 11
e 22 23 6
e 83 16 4
e 37 40 10
e 40 37 11
e 34 37 9
e 75 3 4
e 62 56 10
e 56 62 11
e 71 73 10
e 73 71 11
e 3 16 10
e 16 3 11
e 27 28 10
e 28 27 11
e 62 16 10
e 16 62 11
e 73 27 10
e 27 73 11
e 65 5 10
e 5 65 11
e 22 94 10
e 94 22 11
e 73 62 10
e 62 73 11
e 4 6 10
e 6 4 11
e 29 46 2
e 80 16 10
e 16 80 11
e 37 94 10
e 94 37 11
e 29 46 10
e 46 29 11
e 60 64 10
e 64 60 11
e 22 57 10
e 57 22 11
e 71 50 10
e 50 71 11
e 80 50 10
e 50 80 11
e 50 76 10
e 76 50 11
e 30 48 4
e 22 56 10
e 56 22 11
e 65 3 10
e 3 65 11
e 37 53 10
e 53 37 11
e 52 87 4
e 6 8 10
e 8 6 11
e 27 35 10
e 35 27 11
e 65 78 10
e 78 65 11
e 88 90 10
e 90 88 11
e 59 67 2
e 73 36 10
e 36 73 11
e 84 1 10
e 1 84 11
e 52 60 4
e 23 1 10
e 1 23 11
e 0 28 10
e 28 0 11
e 3 2 1
e 37 5 10
e 5 37 11
e 65 1 10
e 1 65 11
e 24 35 4
e 1 16 10
e 16 1 11
e 1 35 10
e 35 1 11
e 16 28 10
e 28 16 11
e 27 54 1
e 22 5 10
e 5 22 11
e 5 3 10
e 3 5 11
e 80 35 10
e 35 80 11
e 59 64 10
e 64 59 11
e 71 80 10
e 80 71 11
e 41 42 9
e 22 34 1
e 5 28 10
e 28 5 11
e 62 35 10
e 35 62 11
e 16 12 1
e 0 56 10
e 56 0 11
e 92 4 2
e 10 33 10
e 33 10 11
e 80 78 10
e 78 80 11
e 22 0 6
e 62 84 10
e 84 62 11
e 19 1 10
e 1 19 11
e 37 59 10
e 59 37 11
e 36 56 10
e 56 36 11
e 1 56 10
e 56 1 11
e 73 56 10
e 56 73 11
e 84 56 10
e 56 84 11
e 18 17 10
e 17 18 11
e 69 1 10
e 1 69 11
e 80 27 10
e 27 80 11
e 1 36 10
e 36 1 11
e 23 16 10
e 16 23 11
e 52 42 4
e 74 80 9
e 71 16 10
e 16 71 11
e 37 56 10
e 56 37 11
e 71 56 10
e 56 71 11
e 93 94 9
e 69 68 1
e 41 60 9
e 78 3 10
e 3 78 11
e 92 8 10
e 8 92 11
e 50 16 10
e 16 50 11
e 44 17 10
e 17 44 11
e 51 19 9
e 37 1 10
e 1 37 11
e 16 56 10
e 56 16 11
e 95 96 9
e 0 9 1
e 76 3 10
e 3 76 11
e 22 23 10
e 23 22 11
e 0 3 10
e 3 0 11
e 21 23 4
e 78 84 10
e 84 78 11
e 86 4 9
e 42 53 10
e 53 42 11
e 22 40 10
e 40 22 11
e 62 3 10
e 3 62 11
e 78 76 10
e 76 78 11
e 13 35 10
e 35 13 11
e 73 76 10
e 76 73 11
e 26 31 10
e 31 26 11
e 55 57 9
e 10 26 2
e 37 36 10
e 36 37 11
e 71 28 10
e 28 71 11
e 5 36 10
e 36 5 11
e 71 36 10
e 36 71 11
-
t # 12 U 1
v 0 52
v 1 37
v 2 12
v 3 167
v 4 11
v 5 13
v 6 132
v 7 13
v 8 84
v 9 1
v 10 15
v 11 24
v 12 177
v 13 10
v 14 23
e 4 10 10
e 10 4 11
e 2 13 9
e 13 5 10
e 5 13 11
e 14 5 10
e 5 14 11
e 9 5 9
e 4 13 10
e 13 4 11
e 1 12 2
e 4 5 10
e 5 4 11
e 8 7 9
e 1 7 10
e 7 1 11
e 13 10 10
e 10 13 11
e 12 7 10
e 7 12 11
e 14 11 1
e 14 4 10
e 4 14 11
e 4 2 1
e 11 10 4
e 3 12 4
e 14 10 10
e 10 14 11
e 0 14 9
e 6 13 9
e 11 13 4
e 10 5 10
e 5 10 11
e 1 12 10
e 12 1 11
e 10 9 1
e 3 1 9
e 14 13 10
e 13 14 11
-
t # 13 U 1
v 0 1
v 1 15
v 2 24
v 3 10
v 4 23
v 5 52
v 6 12
v 7 11
v 8 129
v 9 13
e 5 4 9
e 7 9 10
e 9 7 11
e 3 9 10
e 9 3 11
e 0 9 9
e 4 3 10
e 3 4 11
e 4 9 10
e 9 4 11
e 2 3 4
e 4 7 10
e 7 4 11
e 1 9 10
e 9 1 11
e 6 3 9
e 1 0 1
e 3 1 10
e 1 3 11
e 8 3 9
e 7 6 1
e 4 2 1
e 7 3 10
e 3 7 11
e 2 1 4
e 7 1 10
e 1 7 11
e 4 1 10
e 1 4 11
-
t # 14 U 1
v 0 23
v 1 74
v 2 196
v 3 197
v 4 48
v 5 198
v 6 199
v 7 200
v 8 39
v 9 185
v 10 201
v 11 202
v 12 186
v 13 53
v 14 22
v 15 203
v 16 185
v 17 204
v 18 201
v 19 186
v 20 205
v 21 12
v 22 206
v 23 11
v 24 1
v 25 199
v 26 207
v 27 24
v 28 205
v 29 208
v 30 48
v 31 199
v 32 17
v 33 15
v 34 204
v 35 33
v 36 192
v 37 209
v 38 10
v 39 199
v 40 210
v 41 55
v 42 175
v 43 211
v 44 9
v 45 1
v 46 212
v 47 213
v 48 214
v 49 183
v 50 215
v 51 48
v 52 216
v 53 27
v 54 217
v 55 218
v 56 219
v 57 1
v 58 199
v 59 220
e 10 8 1
e 6 56 10
e 56 6 11
e 22 35 10
e 35 22 11
e 9 29 9
e 10 46 10
e 46 10 11
e 55 22 10
e 22 55 11
e 23 22 10
e 22 23 11
e 10 43 10
e 43 10 11
e 20 29 9
e 18 12 10
e 12 18 11
e 58 0 10
e 0 58 11
e 46 29 10
e 29 46 11
e 17 19 9
e 38 31 10
e 31 38 11
e 44 46 10
e 46 44 11
e 0 55 10
e 55 0 11
e 38 55 10
e 55 38 11
e 31 43 10
e 43 31 11
e 32 44 4
e 47 12 9
e 45 41 4
e 38 12 10
e 12 38 11
e 48 58 9
e 2 35 10
e 35 2 11
e 43 11 10
e 11 43 11
e 38 11 10
e 11 38 11
e 58 38 10
e 38 58 11
e 53 43 10
e 43 53 11
e 39 19 10
e 19 39 11
e 53 44 10
e 44 53 11
e 10 18 10
e 18 10 11
e 53 22 10
e 22 53 11
e 18 22 10
e 22 18 11
e 50 29 9
e 51 0 9
e 23 31 10
e 31 23 11
e 31 55 10
e 55 31 11
e 25 22 10
e 22 25 11
e 33 11 10
e 11 33 11
e 44 25 10
e 25 44 11
e 25 11 10
e 11 25 11
e 1 11 9
e 44 42 1
e 58 41 10
e 41 58 11
e 39 23 10
e 23 39 11
e 39 25 10
e 25 39 11
e 10 38 10
e 38 10 11
e 32 53 4
e 3 19 9
e 44 31 10
e 31 44 11
e 22 20 1
e 0 35 10
e 35 0 11
e 53 6 10
e 6 53 11
e 29 43 10
e 43 29 11
e 23 29 10
e 29 23 11
e 39 46 10
e 46 39 11
e 39 33 10
e 33 39 11
e 23 6 10
e 6 23 11
e 22 11 10
e 11 22 11
e 33 12 10
e 12 33 11
e 38 19 10
e 19 38 11
e 38 41 10
e 41 38 11
e 39 22 10
e 22 39 11
e 39 18 10
e 18 39 11
e 58 31 10
e 31 58 11
e 2 1 1
e 28 29 9
e 25 31 10
e 31 25 11
e 39 53 10
e 53 39 11
e 39 43 10
e 43 39 11
e 22 56 10
e 56 22 11
e 53 12 10
e 12 53 11
e 6 29 10
e 29 6 11
e 53 19 10
e 19 53 11
e 46 35 10
e 35 46 11
e 18 29 10
e 29 18 11
e 25 24 1
e 25 29 10
e 29 25 11
e 46 56 10
e 56 46 11
e 22 19 10
e 19 22 11
e 31 12 10
e 12 31 11
e 58 12 10
e 12 58 11
e 44 22 10
e 22 44 11
e 23 38 10
e 38 23 11
e 10 12 10
e 12 10 11
e 6 22 10
e 22 6 11
e 39 0 10
e 0 39 11
e 1 43 9
e 31 22 10
e 22 31 11
e 33 55 10
e 55 33 11
e 0 43 10
e 43 0 11
e 52 46 4
e 0 18 10
e 18 0 11
e 6 35 10
e 35 6 11
e 10 53 10
e 53 10 11
e 55 46 10
e 46 55 11
e 18 46 10
e 46 18 11
e 31 29 10
e 29 31 11
e 10 31 10
e 31 10 11
e 55 41 10
e 41 55 11
e 1 6 4
e 46 45 1
e 6 43 10
e 43 6 11
e 53 29 10
e 29 53 11
e 55 43 10
e 43 55 11
e 53 35 10
e 35 53 11
e 37 31 9
e 2 53 10
e 53 2 11
e 2 12 10
e 12 2 11
e 35 19 10
e 19 35 11
e 57 10 9
e 24 18 9
e 25 18 10
e 18 25 11
e 58 33 10
e 33 58 11
e 12 9 1
e 44 6 10
e 6 44 11
e 0 11 10
e 11 0 11
e 55 19 10
e 19 55 11
e 31 35 10
e 35 31 11
e 39 55 10
e 55 39 11
e 56 19 10
e 19 56 11
e 46 11 10
e 11 46 11
e 31 11 10
e 11 31 11
e 53 55 10
e 55 53 11
e 1 58 4
e 0 19 10
e 19 0 11
e 56 43 10
e 43 56 11
e 6 4 1
e 19 29 10
e 29 19 11
e 14 39 9
e 23 25 10
e 25 23 11
e 46 19 10
e 19 46 11
e 33 53 10
e 53 33 11
e 41 56 10
e 56 41 11
e 39 56 10
e 56 39 11
e 19 16 1
e 35 11 10
e 11 35 11
e 23 41 10
e 41 23 11
e 23 43 10
e 43 23 11
e 21 43 9
e 41 22 10
e 22 41 11
e 0 41 10
e 41 0 11
e 53 11 10
e 11 53 11
e 0 56 10
e 56 0 11
e 46 12 10
e 12 46 11
e 38 22 10
e 22 38 11
e 56 50 1
e 46 41 10
e 41 46 11
e 23 46 10
e 46 23 11
e 2 23 10
e 23 2 11
e 18 41 10
e 41 18 11
e 35 56 10
e 56 35 11
e 6 31 10
e 31 6 11
e 38 25 10
e 25 38 11
e 23 35 10
e 35 23 11
e 44 41 10
e 41 44 11
e 1 39 4
e 0 6 10
e 6 0 11
e 55 35 10
e 35 55 11
e 33 19 10
e 19 33 11
e 33 44 10
e 44 33 11
e 58 19 10
e 19 58 11
e 41 11 10
e 11 41 11
e 21 38 9
e 10 33 10
e 33 10 11
e 19 43 10
e 43 19 11
e 23 11 10
e 11 23 11
e 38 56 10
e 56 38 11
e 44 43 10
e 43 44 11
e 13 46 9
e 33 22 10
e 22 33 11
e 38 33 10
e 33 38 11
e 2 56 10
e 56 2 11
e 10 44 10
e 44 10 11
e 31 41 10
e 41 31 11
e 23 19 10
e 19 23 11
e 13 0 9
e 39 35 10
e 35 39 11
e 0 46 10
e 46 0 11
e 18 35 10
e 35 18 11
e 56 29 10
e 29 56 11
e 8 38 9
e 41 12 10
e 12 41 11
e 12 43 10
e 43 12 11
e 41 29 10
e 29 41 11
e 58 10 10
e 10 58 11
e 53 25 10
e 25 53 11
e 23 33 10
e 33 23 11
e 58 55 10
e 55 58 11
e 26 25 9
e 25 43 10
e 43 25 11
e 38 18 10
e 18 38 11
e 33 46 10
e 46 33 11
e 38 35 10
e 35 38 11
e 2 19 10
e 19 2 11
e 23 53 10
e 53 23 11
e 0 25 10
e 25 0 11
e 20 28 1
e 2 11 10
e 11 2 11
e 31 19 10
e 19 31 11
e 33 18 10
e 18 33 11
e 6 46 10
e 46 6 11
e 18 17 1
e 25 41 10
e 41 25 11
e 6 41 10
e 41 6 11
e 34 19 9
e 2 58 10
e 58 2 11
e 10 41 10
e 41 10 11
e 46 22 10
e 22 46 11
e 30 55 9
e 0 31 10
e 31 0 11
e 2 31 10
e 31 2 11
e 19 11 10
e 11 19 11
e 0 22 10
e 22 0 11
e 10 23 10
e 23 10 11
e 44 11 10
e 11 44 11
e 22 12 10
e 12 22 11
e 39 58 10
e 58 39 11
e 38 46 10
e 46 38 11
e 6 12 10
e 12 6 11
e 25 12 10
e 12 25 11
e 39 6 10
e 6 39 11
e 53 46 10
e 46 53 11
e 53 18 10
e 18 53 11
e 5 11 4
e 10 35 10
e 35 10 11
e 39 29 10
e 29 39 11
e 39 51 1
e 12 29 10
e 29 12 11
e 44 19 10
e 19 44 11
e 44 55 10
e 55 44 11
e 16 29 9
e 10 11 10
e 11 10 11
e 23 21 1
e 41 35 10
e 35 41 11
e 44 35 10
e 35 44 11
e 12 19 10
e 19 12 11
e 35 43 10
e 43 35 11
e 35 29 10
e 29 35 11
e 10 6 10
e 6 10 11
e 22 43 10
e 43 22 11
e 22 29 10
e 29 22 11
e 40 29 9
e 18 43 10
e 43 18 11
e 58 57 1
e 2 41 10
e 41 2 11
e 41 43 10
e 43 41 11
e 2 0 10
e 0 2 11
e 31 30 1
e 33 56 10
e 56 33 11
e 36 31 9
e 2 46 10
e 46 2 11
e 34 12 9
e 2 44 10
e 44 2 11
e 2 22 10
e 22 2 11
e 44 56 10
e 56 44 11
e 2 6 10
e 6 2 11
e 58 53 10
e 53 58 11
e 18 19 10
e 19 18 11
e 55 12 10
e 12 55 11
e 2 18 10
e 18 2 11
e 10 19 10
e 19 10 11
e 2 43 10
e 43 2 11
e 38 53 10
e 53 38 11
e 25 35 10
e 35 25 11
e 25 55 10
e 55 25 11
e 35 34 1
e 1 25 4
e 33 43 10
e 43 33 11
e 23 12 10
e 12 23 11
e 39 44 10
e 44 39 11
e 0 33 10
e 33 0 11
e 58 23 10
e 23 58 11
e 55 11 10
e 11 55 11
e 6 19 10
e 19 6 11
e 0 12 10
e 12 0 11
e 6 18 10
e 18 6 11
e 55 56 10
e 56 55 11
e 42 41 9
e 33 31 10
e 31 33 11
e 39 11 10
e 11 39 11
e 0 44 10
e 44 0 11
e 59 58 9
e 41 19 10
e 19 41 11
e 44 29 10
e 29 44 11
e 18 31 10
e 31 18 11
e 35 12 10
e 12 35 11
e 39 12 10
e 12 39 11
e 58 18 10
e 18 58 11
e 27 38 4
e 58 44 10
e 44 58 11
e 18 55 10
e 55 18 11
e 53 56 10
e 56 53 11
e 2 33 10
e 33 2 11
e 27 33 4
e 49 29 9
e 23 44 10
e 44 23 11
e 0 29 10
e 29 0 11
e 2 39 10
e 39 2 11
e 4 22 9
e 33 29 10
e 29 33 11
e 53 31 10
e 31 53 11
e 58 56 10
e 56 58 11
e 58 25 10
e 25 58 11
e 44 18 10
e 18 44 11
e 58 6 10
e 6 58 11
e 58 22 10
e 22 58 11
e 2 55 10
e 55 2 11
e 6 55 10
e 55 6 11
e 5 43 4
e 18 56 10
e 56 18 11
e 44 12 10
e 12 44 11
e 15 39 9
e 39 41 10
e 41 39 11
e 2 25 10
e 25 2 11
e 2 38 10
e 38 2 11
e 42 43 9
e 12 11 10
e 11 12 11
e 58 46 10
e 46 58 11
e 25 56 10
e 56 25 11
e 38 6 10
e 6 38 11
e 29 54 1
e 39 10 10
e 10 39 11
e 56 12 10
e 12 56 11
e 23 55 10
e 55 23 11
e 33 41 10
e 41 33 11
e 10 56 10
e 56 10 11
e 2 29 10
e 29 2 11
e 33 32 1
e 7 6 9
e 10 25 10
e 25 10 11
e 53 41 10
e 41 53 11
e 18 11 10
e 11 18 11
e 39 31 10
e 31 39 11
e 55 52 1
e 1 31 4
e 5 29 4
e 34 56 9
e 33 35 10
e 35 33 11
e 41 40 1
e 0 23 10
e 23 0 11
e 0 38 10
e 38 0 11
e 31 46 10
e 46 31 11
e 10 0 10
e 0 10 11
e 0 27 1
e 58 11 10
e 11 58 11
e 33 6 10
e 6 33 11
e 38 43 10
e 43 38 11
e 38 44 10
e 44 38 11
e 46 43 10
e 43 46 11
e 53 49 1
e 25 19 10
e 19 25 11
e 58 43 10
e 43 58 11
e 23 18 10
e 18 23 11
e 0 53 10
e 53 0 11
e 58 35 10
e 35 58 11
e 58 29 10
e 29 58 11
e 2 10 10
e 10 2 11
e 33 25 10
e 25 33 11
e 6 11 10
e 11 6 11
e 54 11 9
e 5 2 4
e 10 29 10
e 29 10 11
e 56 11 10
e 11 56 11
e 39 38 10
e 38 39 11
e 25 46 10
e 46 25 11
e 23 56 10
e 56 23 11
e 38 29 10
e 29 38 11
e 55 29 10
e 29 55 11
e 10 22 10
e 22 10 11
e 6 25 10
e 25 6 11
e 31 56 10
e 56 31 11
e 29 11 10
e 11 29 11
e 10 55 10
e 55 10 11
-
t # 15 U 1
v 0 24
v 1 1
v 2 23
v 3 221
v 4 1
v 5 222
v 6 27
v 7 125
v 8 1
v 9 46
v 10 223
v 11 224
v 12 5
v 13 4
v 14 3
v 15 1
v 16 225
v 17 226
v 18 1
v 19 227
v 20 1
v 21 221
v 22 10
v 23 228
v 24 9
v 25 229
v 26 1
v 27 12
v 28 230
v 29 13
v 30 231
v 31 11
v 32 225
v 33 18
v 34 17
v 35 138
v 36 16
e 17 29 10
e 29 17 11
e 30 29 10
e 29 30 11
e 31 21 10
e 21 31 11
e 12 16 10
e 16 12 11
e 30 26 1
e 24 32 10
e 32 24 11
e 2 6 10
e 6 2 11
e 7 29 10
e 29 7 11
e 22 29 10
e 29 22 11
e 2 12 10
e 12 2 11
e 17 22 10
e 22 17 11
e 6 16 10
e 16 6 11
e 7 5 1
e 22 24 10
e 24 22 11
e 21 32 10
e 32 21 11
e 35 30 10
e 30 35 11
e 2 7 10
e 7 2 11
e 35 21 10
e 21 35 11
e 31 35 10
e 35 31 11
e 30 3 10
e 3 30 11
e 30 32 10
e 32 30 11
e 12 11 10
e 11 12 11
e 2 3 10
e 3 2 11
e 19 32 9
e 16 3 10
e 3 16 11
e 2 35 10
e 35 2 11
e 22 3 10
e 3 22 11
e 17 7 10
e 7 17 11
e 31 32 10
e 32 31 11
e 23 22 9
e 11 3 10
e 3 11 11
e 21 16 10
e 16 21 11
e 8 3 9
e 16 11 10
e 11 16 11
e 21 29 10
e 29 21 11
e 27 22 9
e 22 30 10
e 30 22 11
e 6 29 10
e 29 6 11
e 5 32 4
e 30 11 10
e 11 30 11
e 31 16 10
e 16 31 11
e 2 32 10
e 32 2 11
e 34 6 4
e 31 3 10
e 3 31 11
e 17 3 10
e 3 17 11
e 24 30 10
e 30 24 11
e 11 29 10
e 29 11 11
e 31 11 10
e 11 31 11
e 6 3 10
e 3 6 11
e 6 32 10
e 32 6 11
e 2 24 10
e 24 2 11
e 7 32 10
e 32 7 11
e 27 12 4
e 12 35 10
e 35 12 11
e 12 24 10
e 24 12 11
e 3 1 1
e 31 12 10
e 12 31 11
e 35 34 1
e 22 35 10
e 35 22 11
e 16 32 10
e 32 16 11
e 6 21 10
e 21 6 11
e 20 36 9
e 35 7 10
e 7 35 11
e 17 35 10
e 35 17 11
e 26 21 9
e 17 16 10
e 16 17 11
e 24 16 10
e 16 24 11
e 0 22 4
e 34 24 4
e 36 33 1
e 24 3 10
e 3 24 11
e 35 16 10
e 16 35 11
e 35 24 10
e 24 35 11
e 31 30 10
e 30 31 11
e 35 29 10
e 29 35 11
e 22 7 10
e 7 22 11
e 3 29 10
e 29 3 11
e 22 32 10
e 32 22 11
e 22 21 10
e 21 22 11
e 24 20 1
e 18 16 9
e 22 11 10
e 11 22 11
e 13 30 4
e 35 32 10
e 32 35 11
e 3 32 10
e 32 3 11
e 35 3 10
e 3 35 11
e 6 24 10
e 24 6 11
e 2 17 10
e 17 2 11
e 24 21 10
e 21 24 11
e 24 29 10
e 29 24 11
e 7 30 10
e 30 7 11
e 12 21 10
e 21 12 11
e 21 11 10
e 11 21 11
e 7 16 10
e 16 7 11
e 2 11 10
e 11 2 11
e 0 35 4
e 21 3 10
e 3 21 11
e 22 6 10
e 6 22 11
e 31 7 10
e 7 31 11
e 25 2 9
e 30 21 10
e 21 30 11
e 12 3 10
e 3 12 11
e 31 17 10
e 17 31 11
e 17 12 10
e 12 17 11
e 12 30 10
e 30 12 11
e 9 17 4
e 11 8 1
e 2 22 10
e 22 2 11
e 6 7 10
e 7 6 11
e 28 16 9
e 31 27 1
e 17 32 10
e 32 17 11
e 10 7 9
e 32 29 10
e 29 32 11
e 24 7 10
e 7 24 11
e 21 18 1
e 7 21 10
e 21 7 11
e 12 6 10
e 6 12 11
e 16 29 10
e 29 16 11
e 31 22 10
e 22 31 11
e 33 11 4
e 31 6 10
e 6 31 11
e 4 14 9
e 12 29 10
e 29 12 11
e 17 11 10
e 11 17 11
e 2 29 10
e 29 2 11
e 17 15 1
e 15 12 9
e 17 24 10
e 24 17 11
e 6 4 1
e 35 6 10
e 6 35 11
e 31 29 10
e 29 31 11
e 7 3 10
e 3 7 11
e 22 16 10
e 16 22 11
e 17 30 10
e 30 17 11
e 7 11 10
e 11 7 11
e 12 32 10
e 32 12 11
e 14 13 1
e 11 32 10
e 32 11 11
e 30 16 10
e 16 30 11
e 2 21 10
e 21 2 11
e 17 6 10
e 6 17 11
e 2 30 10
e 30 2 11
e 12 7 10
e 7 12 11
e 1 32 9
e 17 21 10
e 21 17 11
e 6 11 10
e 11 6 11
e 35 11 10
e 11 35 11
e 5 16 4
e 6 30 10
e 30 6 11
e 2 16 10
e 16 2 11
e 12 22 10
e 22 12 11
e 5 29 9
e 2 31 10
e 31 2 11
e 24 11 10
e 11 24 11
e 2 0 1
e 31 24 10
e 24 31 11
-
t # 16 U 1
v 0 1
v 1 10
v 2 46
v 3 226
v 4 8
v 5 27
v 6 13
v 7 12
v 8 24
v 9 17
v 10 138
v 11 11
v 12 23
v 13 52
v 14 1
v 15 232
v 16 1
e 3 10 10
e 10 3 11
e 10 15 10
e 15 10 11
e 4 1 9
e 11 10 10
e 10 11 11
e 15 6 10
e 6 15 11
e 11 1 10
e 1 11 11
e 3 11 10
e 11 3 11
e 11 7 1
e 3 5 10
e 5 3 11
e 12 5 10
e 5 12 11
e 15 14 1
e 11 15 10
e 15 11 11
e 5 6 10
e 6 5 11
e 10 9 1
e 12 6 10
e 6 12 11
e 12 3 10
e 3 12 11
e 10 5 10
e 5 10 11
e 1 5 10
e 5 1 11
e 3 0 1
e 3 6 10
e 6 3 11
e 12 1 10
e 1 12 11
e 12 11 10
e 11 12 11
e 12 8 1
e 2 3 4
e 12 10 10
e 10 12 11
e 11 6 10
e 6 11 11
e 5 15 10
e 15 5 11
e 12 15 10
e 15 12 11
e 5 16 1
e 3 15 10
e 15 3 11
e 7 1 9
e 9 5 4
e 0 11 9
e 11 5 10
e 5 11 11
e 13 12 9
e 1 10 10
e 10 1 11
e 14 6 9
e 3 1 10
e 1 3 11
e 8 10 4
e 1 15 10
e 15 1 11
e 10 6 10
e 6 10 11
e 16 15 4
e 8 1 4
e 1 6 10
e 6 1 11
-
t # 17 U 1
v 0 233
v 1 23
v 2 17
v 3 234
v 4 15
v 5 12
v 6 11
v 7 10
v 8 130
v 9 13
v 10 151
v 11 235
v 12 5
v 13 236
v 14 24
e 5 7 9
e 8 1 9
e 2 9 9
e 6 7 10
e 7 6 11
e 11 4 10
e 4 11 11
e 6 9 10
e 9 6 11
e 11 6 10
e 6 11 11
e 7 9 10
e 9 7 11
e 4 9 10
e 9 4 11
e 10 7 9
e 3 1 9
e 1 6 10
e 6 1 11
e 4 2 1
e 1 9 10
e 9 1 11
e 0 12 9
e 1 7 10
e 7 1 11
e 6 5 1
e 5 12 4
e 14 4 4
e 13 11 9
e 1 4 10
e 4 1 11
e 12 9 10
e 9 12 11
e 12 4 10
e 4 12 11
e 11 1 10
e 1 11 11
e 11 10 1
e 6 4 10
e 4 6 11
e 14 7 4
e 6 12 10
e 12 6 11
e 11 9 10
e 9 11 11
e 11 7 10
e 7 11 11
e 1 12 10
e 12 1 11
e 12 7 10
e 7 12 11
e 7 4 10
e 4 7 11
e 11 12 10
e 12 11 11
e 1 14 1
-
t # 18 U 1
v 0 1
v 1 2
v 2 237
v 3 24
v 4 14
v 5 1
v 6 23
v 7 1
v 8 238
v 9 239
v 10 240
v 11 241
v 12 9
v 13 1
v 14 242
v 15 13
v 16 243
v 17 128
v 18 225
v 19 1
v 20 225
v 21 123
v 22 122
v 23 1
v 24 244
v 25 17
v 26 15
v 27 10
v 28 1
v 29 1
v 30 222
v 31 1
v 32 245
v 33 27
v 34 125
v 35 120
v 36 246
v 37 12
v 38 11
v 39 247
v 40 248
v 41 118
v 42 1
v 43 127
v 44 237
e 6 26 10
e 26 6 11
e 26 35 10
e 35 26 11
e 17 44 10
e 44 17 11
e 6 27 10
e 27 6 11
e 1 44 10
e 44 1 11
e 12 18 10
e 18 12 11
e 27 44 10
e 44 27 11
e 6 33 10
e 33 6 11
e 6 1 10
e 1 6 11
e 38 18 10
e 18 38 11
e 6 15 10
e 15 6 11
e 10 15 10
e 15 10 11
e 6 24 10
e 24 6 11
e 21 17 4
e 32 1 10
e 1 32 11
e 34 15 10
e 15 34 11
e 17 20 10
e 20 17 11
e 27 35 10
e 35 27 11
e 24 1 10
e 1 24 11
e 6 12 10
e 12 6 11
e 35 44 10
e 44 35 11
e 10 27 10
e 27 10 11
e 44 15 10
e 15 44 11
e 24 12 10
e 12 24 11
e 24 17 10
e 17 24 11
e 17 15 10
e 15 17 11
e 33 44 10
e 44 33 11
e 3 27 4
e 20 18 10
e 18 20 11
e 38 33 10
e 33 38 11
e 25 12 4
e 20 15 10
e 15 20 11
e 26 15 10
e 15 26 11
e 30 20 4
e 2 23 1
e 24 27 10
e 27 24 11
e 34 17 10
e 17 34 11
e 6 20 10
e 20 6 11
e 10 38 10
e 38 10 11
e 10 12 10
e 12 10 11
e 27 12 10
e 12 27 11
e 26 20 10
e 20 26 11
e 10 2 10
e 2 10 11
e 32 2 10
e 2 32 11
e 1 35 10
e 35 1 11
e 32 18 10
e 18 32 11
e 17 18 10
e 18 17 11
e 19 10 4
e 24 15 10
e 15 24 11
e 10 18 10
e 18 10 11
e 39 18 9
e 6 17 10
e 17 6 11
e 27 18 10
e 18 27 11
e 12 35 10
e 35 12 11
e 38 17 10
e 17 38 11
e 26 2 10
e 2 26 11
e 1 26 10
e 26 1 11
e 24 44 10
e 44 24 11
e 20 44 10
e 44 20 11
e 38 37 1
e 24 35 10
e 35 24 11
e 27 33 10
e 33 27 11
e 12 34 10
e 34 12 11
e 8 27 9
e 1 12 10
e 12 1 11
e 33 20 10
e 20 33 11
e 32 12 10
e 12 32 11
e 1 15 10
e 15 1 11
e 23 20 9
e 38 34 10
e 34 38 11
e 20 35 10
e 35 20 11
e 33 12 10
e 12 33 11
e 10 1 10
e 1 10 11
e 32 26 10
e 26 32 11
e 29 44 9
e 24 34 10
e 34 24 11
e 33 31 1
e 10 20 10
e 20 10 11
e 37 27 9
e 18 15 10
e 15 18 11
e 43 41 1
e 24 2 10
e 2 24 11
e 1 34 10
e 34 1 11
e 17 35 10
e 35 17 11
e 10 35 10
e 35 10 11
e 1 0 1
e 38 44 10
e 44 38 11
e 34 35 10
e 35 34 11
e 1 20 10
e 20 1 11
e 12 2 10
e 2 12 11
e 7 22 9
e 11 32 4
e 6 34 10
e 34 6 11
e 24 26 10
e 26 24 11
e 26 18 10
e 18 26 11
e 26 25 1
e 32 20 10
e 20 32 11
e 31 43 9
e 33 34 10
e 34 33 11
e 38 2 10
e 2 38 11
e 6 35 10
e 35 6 11
e 42 18 9
e 4 2 4
e 2 18 10
e 18 2 11
e 38 35 10
e 35 38 11
e 12 20 10
e 20 12 11
e 27 20 10
e 20 27 11
e 30 18 4
e 2 44 10
e 44 2 11
e 32 34 10
e 34 32 11
e 33 2 10
e 2 33 11
e 1 18 10
e 18 1 11
e 1 2 10
e 2 1 11
e 5 1 4
e 40 20 9
e 38 20 10
e 20 38 11
e 1 17 10
e 17 1 11
e 2 15 10
e 15 2 11
e 2 20 10
e 20 2 11
e 6 32 10
e 32 6 11
e 32 35 10
e 35 32 11
e 32 38 10
e 38 32 11
e 32 28 1
e 12 44 10
e 44 12 11
e 35 29 1
e 17 13 1
e 27 15 10
e 15 27 11
e 34 44 10
e 44 34 11
e 27 34 10
e 34 27 11
e 34 18 10
e 18 34 11
e 30 15 9
e 2 35 10
e 35 2 11
e 4 44 4
e 27 17 10
e 17 27 11
e 1 33 10
e 33 1 11
e 27 26 10
e 26 27 11
e 10 5 1
e 34 20 10
e 20 34 11
e 6 2 10
e 2 6 11
e 6 38 10
e 38 6 11
e 33 17 10
e 17 33 11
e 17 2 10
e 2 17 11
e 10 17 10
e 17 10 11
e 26 33 10
e 33 26 11
e 24 33 10
e 33 24 11
e 10 26 10
e 26 10 11
e 24 20 10
e 20 24 11
e 28 24 4
e 32 24 10
e 24 32 11
e 32 15 10
e 15 32 11
e 35 18 10
e 18 35 11
e 22 21 1
e 33 18 10
e 18 33 11
e 32 10 10
e 10 32 11
e 38 12 10
e 12 38 11
e 6 10 10
e 10 6 11
e 32 44 10
e 44 32 11
e 36 34 9
e 38 26 10
e 26 38 11
e 10 33 10
e 33 10 11
e 24 18 10
e 18 24 11
e 12 15 10
e 15 12 11
e 24 10 10
e 10 24 11
e 32 17 10
e 17 32 11
e 35 15 10
e 15 35 11
e 6 18 10
e 18 6 11
e 32 27 10
e 27 32 11
e 33 15 10
e 15 33 11
e 14 10 9
e 26 34 10
e 34 26 11
e 1 27 10
e 27 1 11
e 34 30 1
e 33 35 10
e 35 33 11
e 10 34 10
e 34 10 11
e 6 44 10
e 44 6 11
e 44 18 10
e 18 44 11
e 3 26 4
e 41 35 4
e 6 3 1
e 27 2 10
e 2 27 11
e 24 19 1
e 16 10 9
e 10 44 10
e 44 10 11
e 24 38 10
e 38 24 11
e 26 44 10
e 44 26 11
e 13 2 9
e 0 38 9
e 38 15 10
e 15 38 11
e 12 17 10
e 17 12 11
e 32 33 10
e 33 32 11
e 44 42 1
e 12 7 1
e 1 38 10
e 38 1 11
e 26 17 10
e 17 26 11
e 26 12 10
e 12 26 11
e 34 2 10
e 2 34 11
e 38 27 10
e 27 38 11
e 25 33 4
e 9 6 9
-
t # 19 U 1
v 0 46
v 1 149
v 2 1
v 3 249
v 4 37
v 5 34
v 6 250
v 7 17
v 8 15
v 9 1
v 10 33
v 11 251
v 12 148
v 13 252
v 14 168
v 15 226
v 16 1
v 17 253
v 18 254
v 19 255
v 20 35
v 21 46
v 22 256
v 23 205
v 24 206
v 25 1
v 26 257
v 27 52
v 28 5
v 29 258
v 30 259
v 31 1
v 32 260
v 33 12
v 34 261
v 35 262
v 36 263
v 37 1
v 38 264
v 39 10
v 40 51
v 41 129
v 42 264
v 43 265
v 44 266
v 45 1
v 46 267
v 47 24
v 48 23
v 49 1
v 50 268
e 50 6 10
e 6 50 11
e 48 32 10
e 32 48 11
e 43 3 10
e 3 43 11
e 29 30 10
e 30 29 11
e 4 12 10
e 12 4 11
e 10 32 10
e 32 10 11
e 48 6 10
e 6 48 11
e 32 44 10
e 44 32 11
e 48 46 10
e 46 48 11
e 7 3 9
e 0 15 4
e 24 43 10
e 43 24 11
e 32 31 1
e 33 28 4
e 14 28 9
e 15 48 10
e 48 15 11
e 39 46 10
e 46 39 11
e 40 6 9
e 50 46 10
e 46 50 11
e 10 9 1
e 35 34 9
e 32 6 10
e 6 32 11
e 39 50 10
e 50 39 11
e 10 19 10
e 19 10 11
e 4 20 10
e 20 4 11
e 12 1 1
e 13 24 9
e 28 8 10
e 8 28 11
e 15 14 1
e 29 44 10
e 44 29 11
e 8 32 10
e 32 8 11
e 34 43 10
e 43 34 11
e 19 16 1
e 34 29 10
e 29 34 11
e 48 50 10
e 50 48 11
e 15 50 10
e 50 15 11
e 15 44 10
e 44 15 11
e 43 46 10
e 46 43 11
e 48 44 10
e 44 48 11
e 8 43 10
e 43 8 11
e 31 30 4
e 43 26 10
e 26 43 11
e 34 46 10
e 46 34 11
e 8 3 10
e 3 8 11
e 8 7 1
e 28 46 10
e 46 28 11
e 49 3 4
e 5 12 9
e 48 3 10
e 3 48 11
e 24 32 10
e 32 24 11
e 26 46 10
e 46 26 11
e 39 26 10
e 26 39 11
e 34 6 10
e 6 34 11
e 28 43 10
e 43 28 11
e 8 10 10
e 10 8 11
e 15 30 10
e 30 15 11
e 21 6 9
e 22 6 4
e 34 32 10
e 32 34 11
e 15 24 10
e 24 15 11
e 48 43 10
e 43 48 11
e 29 38 1
e 43 50 10
e 50 43 11
e 24 46 10
e 46 24 11
e 2 19 4
e 15 28 10
e 28 15 11
e 33 39 9
e 29 46 10
e 46 29 11
e 18 15 9
e 39 6 10
e 6 39 11
e 48 8 10
e 8 48 11
e 41 39 9
e 29 32 10
e 32 29 11
e 43 44 10
e 44 43 11
e 19 30 10
e 30 19 11
e 26 25 1
e 15 39 10
e 39 15 11
e 29 43 10
e 43 29 11
e 24 3 10
e 3 24 11
e 15 32 10
e 32 15 11
e 29 10 10
e 10 29 11
e 3 44 10
e 44 3 11
e 34 26 10
e 26 34 11
e 47 39 4
e 34 24 10
e 24 34 11
e 15 19 10
e 19 15 11
e 39 32 10
e 32 39 11
e 48 10 10
e 10 48 11
e 24 19 10
e 19 24 11
e 28 10 10
e 10 28 11
e 3 19 10
e 19 3 11
e 39 30 10
e 30 39 11
e 24 44 10
e 44 24 11
e 8 29 10
e 29 8 11
e 15 3 10
e 3 15 11
e 50 26 10
e 26 50 11
e 24 23 1
e 3 30 10
e 30 3 11
e 15 26 10
e 26 15 11
e 39 10 10
e 10 39 11
e 44 40 1
e 8 6 10
e 6 8 11
e 43 6 10
e 6 43 11
e 34 8 10
e 8 34 11
e 39 24 10
e 24 39 11
e 50 30 10
e 30 50 11
e 28 32 10
e 32 28 11
e 48 26 10
e 26 48 11
e 32 30 10
e 30 32 11
e 29 50 10
e 50 29 11
e 46 44 10
e 44 46 11
e 39 8 10
e 8 39 11
e 28 24 10
e 24 28 11
e 3 26 10
e 26 3 11
e 26 6 10
e 6 26 11
e 19 6 10
e 6 19 11
e 28 44 10
e 44 28 11
e 29 19 10
e 19 29 11
e 15 29 10
e 29 15 11
e 8 26 10
e 26 8 11
e 11 50 4
e 15 34 10
e 34 15 11
e 42 30 9
e 32 46 10
e 46 32 11
e 39 3 10
e 3 39 11
e 38 32 9
e 23 46 9
e 39 29 10
e 29 39 11
e 37 46 4
e 43 19 10
e 19 43 11
e 43 30 10
e 30 43 11
e 15 8 10
e 8 15 11
e 50 44 10
e 44 50 11
e 46 45 1
e 15 46 10
e 46 15 11
e 36 43 9
e 34 10 10
e 10 34 11
e 47 8 4
e 46 6 10
e 6 46 11
e 30 44 10
e 44 30 11
e 34 19 10
e 19 34 11
e 1 20 9
e 30 6 10
e 6 30 11
e 10 46 10
e 46 10 11
e 23 26 9
e 25 32 4
e 50 3 10
e 3 50 11
e 30 46 10
e 46 30 11
e 3 6 10
e 6 3 11
e 19 26 10
e 26 19 11
e 39 19 10
e 19 39 11
e 30 37 1
e 24 30 10
e 30 24 11
e 24 26 10
e 26 24 11
e 24 6 10
e 6 24 11
e 3 46 10
e 46 3 11
e 28 30 10
e 30 28 11
e 10 30 10
e 30 10 11
e 45 44 4
e 48 29 10
e 29 48 11
e 21 24 9
e 50 32 10
e 32 50 11
e 3 2 1
e 48 39 10
e 39 48 11
e 3 32 10
e 32 3 11
e 15 43 10
e 43 15 11
e 10 26 10
e 26 10 11
e 34 50 10
e 50 34 11
e 27 48 9
e 29 6 10
e 6 29 11
e 39 43 10
e 43 39 11
e 24 29 10
e 29 24 11
e 24 50 10
e 50 24 11
e 34 39 10
e 39 34 11
e 8 46 10
e 46 8 11
e 34 3 10
e 3 34 11
e 9 19 9
e 8 50 10
e 50 8 11
e 8 19 10
e 19 8 11
e 50 49 1
e 43 10 10
e 10 43 11
e 34 44 10
e 44 34 11
e 28 50 10
e 50 28 11
e 8 44 10
e 44 8 11
e 26 44 10
e 44 26 11
e 5 4 9
e 16 26 4
e 26 30 10
e 30 26 11
e 39 44 10
e 44 39 11
e 19 44 10
e 44 19 11
e 48 47 1
e 43 32 10
e 32 43 11
e 34 48 10
e 48 34 11
e 34 30 10
e 30 34 11
e 29 3 10
e 3 29 11
e 28 6 10
e 6 28 11
e 50 19 10
e 19 50 11
e 8 30 10
e 30 8 11
e 8 24 10
e 24 8 11
e 10 44 10
e 44 10 11
e 28 39 10
e 39 28 11
e 15 10 10
e 10 15 11
e 28 26 10
e 26 28 11
e 29 26 10
e 26 29 11
e 38 43 4
e 19 46 10
e 46 19 11
e 4 12 2
e 28 19 10
e 19 28 11
e 4 20 2
e 28 3 10
e 3 28 11
e 34 33 1
e 24 10 10
e 10 24 11
e 10 6 10
e 6 10 11
e 48 24 10
e 24 48 11
e 28 29 10
e 29 28 11
e 48 19 10
e 19 48 11
e 44 6 10
e 6 44 11
e 48 30 10
e 30 48 11
e 12 20 10
e 20 12 11
e 43 42 1
e 17 43 9
e 26 32 10
e 32 26 11
e 19 32 10
e 32 19 11
e 28 48 10
e 48 28 11
e 34 28 10
e 28 34 11
e 15 6 10
e 6 15 11
-
t # 20 U 1
v 0 269
v 1 270
v 2 271
v 3 272
v 4 273
v 5 147
v 6 246
v 7 13
v 8 1
v 9 27
v 10 274
v 11 215
v 12 269
v 13 275
v 14 215
v 15 269
v 16 215
v 17 276
v 18 157
v 19 277
v 20 156
v 21 7
v 22 1
v 23 9
v 24 278
v 25 279
v 26 280
v 27 11
v 28 281
v 29 282
v 30 215
v 31 24
v 32 269
v 33 23
v 34 234
v 35 283
v 36 158
v 37 126
v 38 284
v 39 25
v 40 215
v 41 269
v 42 285
v 43 17
v 44 15
v 45 215
v 46 269
v 47 10
v 48 286
v 49 12
v 50 121
v 51 287
v 52 288
v 53 289
v 54 121
e 46 15 10
e 15 46 11
e 47 50 10
e 50 47 11
e 36 54 10
e 54 36 11
e 33 50 10
e 50 33 11
e 25 51 10
e 51 25 11
e 25 33 10
e 33 25 11
e 12 15 10
e 15 12 11
e 0 41 10
e 41 0 11
e 15 14 1
e 51 44 10
e 44 51 11
e 51 19 10
e 19 51 11
e 12 54 10
e 54 12 11
e 53 38 10
e 38 53 11
e 47 23 10
e 23 47 11
e 41 7 10
e 7 41 11
e 51 23 10
e 23 51 11
e 19 33 10
e 33 19 11
e 38 50 10
e 50 38 11
e 46 45 1
e 20 0 10
e 0 20 11
e 15 23 10
e 23 15 11
e 9 38 10
e 38 9 11
e 51 10 1
e 0 19 10
e 19 0 11
e 20 9 10
e 9 20 11
e 33 38 10
e 38 33 11
e 46 19 10
e 19 46 11
e 12 46 10
e 46 12 11
e 32 12 10
e 12 32 11
e 32 53 10
e 53 32 11
e 20 46 10
e 46 20 11
e 54 7 10
e 7 54 11
e 12 25 10
e 25 12 11
e 9 23 10
e 23 9 11
e 25 27 10
e 27 25 11
e 20 7 10
e 7 20 11
e 32 47 10
e 47 32 11
e 53 46 10
e 46 53 11
e 53 9 10
e 9 53 11
e 46 44 10
e 44 46 11
e 6 0 9
e 0 44 10
e 44 0 11
e 53 33 10
e 33 53 11
e 9 50 10
e 50 9 11
e 4 54 9
e 15 50 10
e 50 15 11
e 36 15 10
e 15 36 11
e 0 7 10
e 7 0 11
e 2 50 9
e 53 44 10
e 44 53 11
e 43 9 4
e 9 7 10
e 7 9 11
e 20 41 10
e 41 20 11
e 12 50 10
e 50 12 11
e 18 36 9
e 36 41 10
e 41 36 11
e 6 12 9
e 46 27 10
e 27 46 11
e 33 44 10
e 44 33 11
e 11 25 9
e 32 15 10
e 15 32 11
e 33 9 10
e 9 33 11
e 0 33 10
e 33 0 11
e 41 54 10
e 54 41 11
e 19 38 10
e 38 19 11
e 53 7 10
e 7 53 11
e 12 47 10
e 47 12 11
e 53 12 10
e 12 53 11
e 39 38 9
e 47 44 10
e 44 47 11
e 20 36 10
e 36 20 11
e 0 25 10
e 25 0 11
e 36 32 10
e 32 36 11
e 32 9 10
e 9 32 11
e 50 7 10
e 7 50 11
e 38 37 1
e 41 46 10
e 46 41 11
e 23 50 10
e 50 23 11
e 25 54 10
e 54 25 11
e 36 44 10
e 44 36 11
e 53 25 10
e 25 53 11
e 25 7 10
e 7 25 11
e 27 38 10
e 38 27 11
e 46 23 10
e 23 46 11
e 15 44 10
e 44 15 11
e 47 54 10
e 54 47 11
e 46 33 10
e 33 46 11
e 42 0 9
e 48 46 9
e 12 44 10
e 44 12 11
e 36 23 10
e 23 36 11
e 44 38 10
e 38 44 11
e 44 54 10
e 54 44 11
e 27 9 10
e 9 27 11
e 51 9 10
e 9 51 11
e 9 8 1
e 32 46 10
e 46 32 11
e 19 9 10
e 9 19 11
e 47 7 10
e 7 47 11
e 36 27 10
e 27 36 11
e 53 51 10
e 51 53 11
e 31 47 4
e 3 15 9
e 41 15 10
e 15 41 11
e 46 38 10
e 38 46 11
e 44 23 10
e 23 44 11
e 19 47 10
e 47 19 11
e 32 50 10
e 50 32 11
e 43 23 4
e 27 54 10
e 54 27 11
e 24 19 9
e 13 12 9
e 36 33 10
e 33 36 11
e 15 9 10
e 9 15 11
e 0 51 10
e 51 0 11
e 20 27 10
e 27 20 11
e 53 54 10
e 54 53 11
e 53 15 10
e 15 53 11
e 25 23 10
e 23 25 11
e 51 54 10
e 54 51 11
e 27 23 10
e 23 27 11
e 32 19 10
e 19 32 11
e 41 9 10
e 9 41 11
e 0 54 10
e 54 0 11
e 53 47 10
e 47 53 11
e 16 25 9
e 19 54 10
e 54 19 11
e 36 46 10
e 46 36 11
e 10 19 9
e 32 0 10
e 0 32 11
e 0 27 10
e 27 0 11
e 32 54 10
e 54 32 11
e 15 27 10
e 27 15 11
e 36 0 10
e 0 36 11
e 46 9 10
e 9 46 11
e 30 53 9
e 0 23 10
e 23 0 11
e 19 44 10
e 44 19 11
e 20 15 10
e 15 20 11
e 15 19 10
e 19 15 11
e 17 28 1
e 27 44 10
e 44 27 11
e 36 53 10
e 53 36 11
e 27 49 1
e 20 32 10
e 32 20 11
e 21 19 9
e 1 54 9
e 23 22 1
e 23 38 10
e 38 23 11
e 20 54 10
e 54 20 11
e 0 47 10
e 47 0 11
e 44 43 1
e 25 47 10
e 47 25 11
e 36 19 10
e 19 36 11
e 0 46 10
e 46 0 11
e 51 33 10
e 33 51 11
e 20 19 10
e 19 20 11
e 26 47 9
e 52 25 9
e 44 50 10
e 50 44 11
e 41 40 1
e 44 7 10
e 7 44 11
e 53 50 10
e 50 53 11
e 32 33 10
e 33 32 11
e 12 19 10
e 19 12 11
e 12 23 10
e 23 12 11
e 53 52 1
e 36 50 10
e 50 36 11
e 15 47 10
e 47 15 11
e 41 38 10
e 38 41 11
e 20 12 10
e 12 20 11
e 36 25 10
e 25 36 11
e 32 38 10
e 38 32 11
e 54 50 10
e 50 54 11
e 33 31 1
e 0 15 10
e 15 0 11
e 27 7 10
e 7 27 11
e 36 47 10
e 47 36 11
e 25 41 10
e 41 25 11
e 0 12 10
e 12 0 11
e 14 19 9
e 37 50 4
e 15 38 10
e 38 15 11
e 33 47 10
e 47 33 11
e 25 38 10
e 38 25 11
e 25 50 10
e 50 25 11
e 20 44 10
e 44 20 11
e 33 54 10
e 54 33 11
e 12 33 10
e 33 12 11
e 32 41 10
e 41 32 11
e 12 51 10
e 51 12 11
e 53 41 10
e 41 53 11
e 25 19 10
e 19 25 11
e 32 44 10
e 44 32 11
e 46 50 10
e 50 46 11
e 41 47 10
e 47 41 11
e 47 9 10
e 9 47 11
e 0 16 1
e 44 9 10
e 9 44 11
e 28 50 9
e 46 54 10
e 54 46 11
e 33 7 10
e 7 33 11
e 51 27 10
e 27 51 11
e 12 41 10
e 41 12 11
e 38 7 10
e 7 38 11
e 0 50 10
e 50 0 11
e 25 9 10
e 9 25 11
e 19 7 10
e 7 19 11
e 5 1 1
e 29 41 9
e 32 51 10
e 51 32 11
e 53 0 10
e 0 53 11
e 35 32 9
e 8 5 9
e 9 54 10
e 54 9 11
e 20 53 10
e 53 20 11
e 15 33 10
e 33 15 11
e 41 27 10
e 27 41 11
e 15 54 10
e 54 15 11
e 19 27 10
e 27 19 11
e 36 9 10
e 9 36 11
e 12 38 10
e 38 12 11
e 49 47 9
e 23 54 10
e 54 23 11
e 40 51 9
e 32 25 10
e 25 32 11
e 51 38 10
e 38 51 11
e 22 17 9
e 38 54 10
e 54 38 11
e 46 7 10
e 7 46 11
e 23 7 10
e 7 23 11
e 36 7 10
e 7 36 11
e 53 23 10
e 23 53 11
e 32 23 10
e 23 32 11
e 36 38 10
e 38 36 11
e 19 50 10
e 50 19 11
e 32 27 10
e 27 32 11
e 34 33 9
e 12 11 1
e 51 50 10
e 50 51 11
e 46 51 10
e 51 46 11
e 36 12 10
e 12 36 11
e 47 38 10
e 38 47 11
e 20 18 1
e 12 7 10
e 7 12 11
e 25 46 10
e 46 25 11
e 25 15 10
e 15 25 11
e 51 7 10
e 7 51 11
e 41 50 10
e 50 41 11
e 20 33 10
e 33 20 11
e 0 38 10
e 38 0 11
e 41 33 10
e 33 41 11
e 33 27 10
e 27 33 11
e 41 44 10
e 44 41 11
e 53 27 10
e 27 53 11
e 45 51 9
e 53 19 10
e 19 53 11
e 20 50 10
e 50 20 11
e 20 23 10
e 23 20 11
e 27 47 10
e 47 27 11
e 37 54 4
e 51 47 10
e 47 51 11
e 27 50 10
e 50 27 11
e 12 9 10
e 9 12 11
e 31 44 4
e 41 23 10
e 23 41 11
e 0 9 10
e 9 0 11
e 25 44 10
e 44 25 11
e 20 51 10
e 51 20 11
e 20 38 10
e 38 20 11
e 19 23 10
e 23 19 11
e 32 7 10
e 7 32 11
e 37 7 9
e 51 15 10
e 15 51 11
e 15 7 10
e 7 15 11
e 33 23 10
e 23 33 11
e 41 19 10
e 19 41 11
e 36 51 10
e 51 36 11
e 20 47 10
e 47 20 11
e 12 27 10
e 27 12 11
e 32 30 1
e 46 47 10
e 47 46 11
e 19 26 1
e 20 25 10
e 25 20 11
e 41 51 10
e 51 41 11
e 25 24 1
-
t # 21 U 1
v 0 12
v 1 9
v 2 11
v 3 5
v 4 24
v 5 1
v 6 17
v 7 290
v 8 138
v 9 23
v 10 52
v 11 33
v 12 291
v 13 292
v 14 27
v 15 129
v 16 10
v 17 12
v 18 9
v 19 11
v 20 5
v 21 24
v 22 1
v 23 17
v 24 138
v 25 23
v 26 52
v 27 33
v 28 291
v 29 292
v 30 27
v 31 129
v 32 10
e 19 27 10
e 27 19 11
e 26 25 9
e 21 32 4
e 25 27 10
e 27 25 11
e 19 18 10
e 18 19 11
e 7 29 9
e 29 30 10
e 30 29 11
e 29 32 10
e 32 29 11
e 29 28 1
e 28 32 9
e 25 30 10
e 30 25 11
e 17 20 4
e 32 18 10
e 18 32 11
e 25 21 1
e 25 20 10
e 20 25 11
e 24 18 10
e 18 24 11
e 19 20 10
e 20 19 11
e 32 30 10
e 30 32 11
e 25 24 10
e 24 25 11
e 29 19 10
e 19 29 11
e 21 24 4
e 20 30 10
e 30 20 11
e 19 24 10
e 24 19 11
e 25 32 10
e 32 25 11
e 23 18 4
e 31 29 9
e 20 18 10
e 18 20 11
e 19 30 10
e 30 19 11
e 27 20 10
e 20 27 11
e 27 22 1
e 29 18 10
e 18 29 11
e 25 19 10
e 19 25 11
e 27 32 10
e 32 27 11
e 19 17 1
e 20 32 10
e 32 20 11
e 25 18 10
e 18 25 11
e 23 30 4
e 20 24 10
e 24 20 11
e 19 32 10
e 32 19 11
e 25 29 10
e 29 25 11
e 27 24 10
e 24 27 11
e 29 27 10
e 27 29 11
e 29 20 10
e 20 29 11
e 24 23 1
e 27 30 10
e 30 27 11
e 24 30 10
e 30 24 11
e 29 24 10
e 24 29 11
e 18 30 10
e 30 18 11
e 32 24 10
e 24 32 11
e 27 18 10
e 18 27 11
e 17 32 9
e 22 20 9
e 19 27 10
e 27 19 11
e 26 25 9
e 21 32 4
e 25 27 10
e 27 25 11
e 19 18 10
e 18 19 11
e 7 29 9
e 29 30 10
e 30 29 11
e 29 32 10
e 32 29 11
e 29 28 1
e 28 32 9
e 25 30 10
e 30 25 11
e 17 20 4
e 32 18 10
e 18 32 11
e 25 21 1
e 25 20 10
e 20 25 11
e 24 18 10
e 18 24 11
e 19 20 10
e 20 19 11
e 32 30 10
e 30 32 11
e 25 24 10
e 24 25 11
e 29 19 10
e 19 29 11
e 21 24 4
e 20 30 10
e 30 20 11
e 19 24 10
e 24 19 11
e 25 32 10
e 32 25 11
e 23 18 4
e 31 29 9
e 20 18 10
e 18 20 11
e 19 30 10
e 30 19 11
e 27 20 10
e 20 27 11
e 27 22 1
e 29 18 10
e 18 29 11
e 25 19 10
e 19 25 11
e 27 32 10
e 32 27 11
e 19 17 1
e 20 32 10
e 32 20 11
e 25 18 10
e 18 25 11
e 23 30 4
e 20 24 10
e 24 20 11
e 19 32 10
e 32 19 11
e 25 29 10
e 29 25 11
e 27 24 10
e 24 27 11
e 29 27 10
e 27 29 11
e 29 20 10
e 20 29 11
e 24 23 1
e 27 30 10
e 30 27 11
e 24 30 10
e 30 24 11
e 29 24 10
e 24 29 11
e 18 30 10
e 30 18 11
e 32 24 10
e 24 32 11
e 27 18 10
e 18 27 11
e 17 32 9
e 22 20 9
-
t # 22 U 1
v 0 1
v 1 139
v 2 293
v 3 294
v 4 1
v 5 295
v 6 1
v 7 296
v 8 14
v 9 139
v 10 297
v 11 298
v 12 14
v 13 299
v 14 300
v 15 14
v 16 1
v 17 23
v 18 14
v 19 301
v 20 12
v 21 14
v 22 297
v 23 11
v 24 1
v 25 293
v 26 1
v 27 301
v 28 294
v 29 139
v 30 302
v 31 23
v 32 14
e 23 22 10
e 22 23 11
e 7 6 1
e 22 5 10
e 5 22 11
e 10 27 10
e 27 10 11
e 27 22 10
e 22 27 11
e 21 5 4
e 10 7 10
e 7 10 11
e 19 25 10
e 25 19 11
e 10 28 10
e 28 10 11
e 16 10 4
e 27 2 6
e 9 19 6
e 17 22 10
e 22 17 11
e 29 31 6
e 17 25 10
e 25 17 11
e 29 17 6
e 10 14 10
e 14 10 11
e 17 1 10
e 1 17 11
e 14 22 10
e 22 14 11
e 3 7 10
e 7 3 11
e 22 7 10
e 7 22 11
e 27 26 1
e 27 25 10
e 25 27 11
e 23 2 10
e 2 23 11
e 31 11 10
e 11 31 11
e 28 7 10
e 7 28 11
e 29 28 6
e 15 25 9
e 19 10 10
e 10 19 11
e 29 10 10
e 10 29 11
e 14 2 10
e 2 14 11
e 31 7 10
e 7 31 11
e 15 2 9
e 9 2 10
e 2 9 11
e 2 32 1
e 9 25 10
e 25 9 11
e 3 22 10
e 22 3 11
e 28 24 1
e 4 29 9
e 28 2 10
e 2 28 11
e 1 22 6
e 9 10 10
e 10 9 11
e 19 17 10
e 17 19 11
e 12 14 9
e 29 28 10
e 28 29 11
e 8 7 4
e 30 3 4
e 31 14 10
e 14 31 11
e 17 5 10
e 5 17 11
e 9 31 10
e 31 9 11
e 9 11 10
e 11 9 11
e 3 27 10
e 27 3 11
e 9 1 10
e 1 9 11
e 18 1 9
e 3 25 10
e 25 3 11
e 4 7 4
e 29 14 10
e 14 29 11
e 31 2 10
e 2 31 11
e 29 9 10
e 9 29 11
e 19 1 10
e 1 19 11
e 3 14 10
e 14 3 11
e 9 5 10
e 5 9 11
e 27 2 10
e 2 27 11
e 3 2 10
e 2 3 11
e 10 23 10
e 23 10 11
e 3 11 10
e 11 3 11
e 28 11 10
e 11 28 11
e 11 7 10
e 7 11 11
e 14 7 10
e 7 14 11
e 28 1 10
e 1 28 11
e 1 27 10
e 27 1 11
e 9 7 10
e 7 9 11
e 19 16 1
e 29 22 10
e 22 29 11
e 11 5 10
e 5 11 11
e 23 25 10
e 25 23 11
e 17 2 10
e 2 17 11
e 22 2 6
e 10 5 10
e 5 10 11
e 3 0 1
e 29 31 10
e 31 29 11
e 29 19 10
e 19 29 11
e 14 5 10
e 5 14 11
e 29 1 10
e 1 29 11
e 25 5 10
e 5 25 11
e 0 31 9
e 17 27 10
e 27 17 11
e 19 31 10
e 31 19 11
e 10 22 10
e 22 10 11
e 11 8 1
e 19 17 6
e 19 7 10
e 7 19 11
e 10 2 10
e 2 10 11
e 9 28 10
e 28 9 11
e 17 7 10
e 7 17 11
e 23 27 10
e 27 23 11
e 19 14 10
e 14 19 11
e 14 25 10
e 25 14 11
e 9 10 6
e 28 25 10
e 25 28 11
e 19 11 10
e 11 19 11
e 18 27 4
e 17 14 10
e 14 17 11
e 1 5 10
e 5 1 11
e 28 17 10
e 17 28 11
e 1 27 6
e 28 22 10
e 22 28 11
e 18 2 9
e 18 9 9
e 9 19 10
e 19 9 11
e 10 17 6
e 15 28 9
e 1 2 6
e 28 14 10
e 14 28 11
e 14 1 10
e 1 14 11
e 19 22 10
e 22 19 11
e 28 27 10
e 27 28 11
e 19 5 10
e 5 19 11
e 2 7 10
e 7 2 11
e 14 27 10
e 27 14 11
e 17 11 10
e 11 17 11
e 11 27 10
e 27 11 11
e 29 23 10
e 23 29 11
e 19 23 10
e 23 19 11
e 29 11 6
e 31 27 10
e 27 31 11
e 1 7 10
e 7 1 11
e 10 11 10
e 11 10 11
e 10 1 10
e 1 10 11
e 31 5 10
e 5 31 11
e 27 7 10
e 7 27 11
e 10 25 10
e 25 10 11
e 19 3 10
e 3 19 11
e 11 22 10
e 22 11 11
e 11 2 10
e 2 11 11
e 14 11 10
e 11 14 11
e 18 19 4
e 17 23 10
e 23 17 11
e 9 17 6
e 28 5 10
e 5 28 11
e 27 5 10
e 5 27 11
e 9 3 10
e 3 9 11
e 10 3 10
e 3 10 11
e 9 27 10
e 27 9 11
e 3 23 10
e 23 3 11
e 7 5 10
e 5 7 11
e 18 17 9
e 23 20 1
e 9 14 10
e 14 9 11
e 3 5 10
e 5 3 11
e 29 17 10
e 17 29 11
e 22 25 10
e 25 22 11
e 29 27 10
e 27 29 11
e 10 17 10
e 17 10 11
e 1 22 10
e 22 1 11
e 31 22 10
e 22 31 11
e 10 31 10
e 31 10 11
e 25 21 1
e 9 22 10
e 22 9 11
e 30 28 4
e 28 23 10
e 23 28 11
e 9 23 10
e 23 9 11
e 23 14 10
e 14 23 11
e 29 11 10
e 11 29 11
e 29 3 10
e 3 29 11
e 19 27 10
e 27 19 11
e 31 25 10
e 25 31 11
e 19 2 10
e 2 19 11
e 26 22 4
e 25 7 10
e 7 25 11
e 23 7 10
e 7 23 11
e 29 2 10
e 2 29 11
e 29 7 10
e 7 29 11
e 11 1 10
e 1 11 11
e 13 5 9
e 9 17 10
e 17 9 11
e 29 5 10
e 5 29 11
e 24 17 9
e 1 2 10
e 2 1 11
e 29 25 10
e 25 29 11
e 3 1 10
e 1 3 11
e 20 14 9
e 11 25 10
e 25 11 11
e 2 5 10
e 5 2 11
e 6 5 9
e 1 25 10
e 25 1 11
e 23 5 10
e 5 23 11
e 31 23 10
e 23 31 11
e 3 31 10
e 31 3 11
e 15 3 9
e 29 3 6
e 32 5 4
e 23 11 10
e 11 23 11
e 23 1 10
e 1 23 11
e 22 2 10
e 2 22 11
e 19 28 10
e 28 19 11
e 31 1 10
e 1 31 11
-
t # 23 U 1
v 0 12
v 1 46
v 2 11
v 3 129
v 4 13
v 5 1
v 6 15
v 7 24
v 8 10
v 9 23
e 2 6 10
e 6 2 11
e 9 8 10
e 8 9 11
e 1 9 9
e 6 5 1
e 5 4 9
e 7 6 4
e 2 0 1
e 6 4 10
e 4 6 11
e 9 6 10
e 6 9 11
e 9 2 10
e 2 9 11
e 8 6 10
e 6 8 11
e 7 8 4
e 0 8 9
e 2 4 10
e 4 2 11
e 9 4 10
e 4 9 11
e 2 8 10
e 8 2 11
e 8 4 10
e 4 8 11
e 3 8 9
e 9 7 1
-
t # 24 U 1
v 0 23
v 1 10
v 2 48
v 3 303
v 4 13
v 5 46
v 6 12
v 7 5
v 8 11
v 9 17
v 10 1
v 11 226
v 12 138
v 13 24
e 0 7 10
e 7 0 11
e 12 4 10
e 4 12 11
e 8 11 10
e 11 8 11
e 7 12 10
e 12 7 11
e 5 11 4
e 0 13 1
e 7 4 10
e 4 7 11
e 7 1 10
e 1 7 11
e 13 12 4
e 11 10 1
e 1 12 10
e 12 1 11
e 6 7 4
e 9 4 9
e 10 7 9
e 0 12 10
e 12 0 11
e 11 1 10
e 1 11 11
e 0 8 10
e 8 0 11
e 11 7 10
e 7 11 11
e 11 12 10
e 12 11 11
e 2 0 9
e 1 4 10
e 4 1 11
e 6 1 9
e 8 1 10
e 1 8 11
e 8 7 10
e 7 8 11
e 12 9 1
e 8 4 10
e 4 8 11
e 3 1 9
e 8 6 1
e 0 11 10
e 11 0 11
e 11 4 10
e 4 11 11
e 0 4 10
e 4 0 11
e 13 1 4
e 0 1 10
e 1 0 11
e 8 12 10
e 12 8 11
-
t # 25 U 1
v 0 11
v 1 8
v 2 17
v 3 304
v 4 15
v 5 305
v 6 185
v 7 10
v 8 186
v 9 12
v 10 1
v 11 1
v 12 219
v 13 306
v 14 1
v 15 33
v 16 307
v 17 308
v 18 309
v 19 310
v 20 311
v 21 312
v 22 313
v 23 1
v 24 33
v 25 314
v 26 1
v 27 27
v 28 35
v 29 315
v 30 185
v 31 316
v 32 34
v 33 186
v 34 13
v 35 1
v 36 317
v 37 318
v 38 319
v 39 1
v 40 320
v 41 9
v 42 46
v 43 24
v 44 23
v 45 1
v 46 53
v 47 52
v 48 205
v 49 206
v 50 33
v 51 1
v 52 321
v 53 134
v 54 37
e 24 36 10
e 36 24 11
e 38 36 10
e 36 38 11
e 4 5 10
e 5 4 11
e 0 50 10
e 50 0 11
e 5 22 10
e 22 5 11
e 49 24 10
e 24 49 11
e 49 52 10
e 52 49 11
e 4 33 10
e 33 4 11
e 24 3 10
e 3 24 11
e 29 52 10
e 52 29 11
e 47 44 9
e 1 7 9
e 15 8 10
e 8 15 11
e 53 22 10
e 22 53 11
e 25 3 10
e 3 25 11
e 24 52 10
e 52 24 11
e 12 50 10
e 50 12 11
e 52 20 10
e 20 52 11
e 44 33 10
e 33 44 11
e 24 22 10
e 22 24 11
e 4 2 1
e 49 8 10
e 8 49 11
e 5 34 10
e 34 5 11
e 5 41 10
e 41 5 11
e 15 24 10
e 24 15 11
e 44 38 10
e 38 44 11
e 37 20 4
e 16 28 9
e 44 27 10
e 27 44 11
e 32 13 4
e 25 20 10
e 20 25 11
e 35 34 9
e 54 28 10
e 28 54 11
e 37 29 4
e 29 24 10
e 24 29 11
e 52 22 10
e 22 52 11
e 49 15 10
e 15 49 11
e 38 34 10
e 34 38 11
e 4 29 10
e 29 4 11
e 0 36 10
e 36 0 11
e 37 3 4
e 53 52 10
e 52 53 11
e 19 33 9
e 4 8 10
e 8 4 11
e 44 4 10
e 4 44 11
e 7 34 10
e 34 7 11
e 27 22 10
e 22 27 11
e 52 3 10
e 3 52 11
e 30 52 9
e 29 50 10
e 50 29 11
e 18 8 9
e 24 20 10
e 20 24 11
e 50 36 10
e 36 50 11
e 29 27 10
e 27 29 11
e 7 5 10
e 5 7 11
e 44 24 10
e 24 44 11
e 29 22 10
e 22 29 11
e 18 33 9
e 4 41 10
e 41 4 11
e 40 33 9
e 12 41 10
e 41 12 11
e 40 8 9
e 3 22 10
e 22 3 11
e 0 29 10
e 29 0 11
e 24 34 10
e 34 24 11
e 0 25 10
e 25 0 11
e 49 22 10
e 22 49 11
e 8 20 10
e 20 8 11
e 49 34 10
e 34 49 11
e 4 22 10
e 22 4 11
e 0 4 10
e 4 0 11
e 20 36 10
e 36 20 11
e 0 3 10
e 3 0 11
e 4 24 10
e 24 4 11
e 12 3 10
e 3 12 11
e 0 38 10
e 38 0 11
e 4 27 10
e 27 4 11
e 4 53 10
e 53 4 11
e 7 22 10
e 22 7 11
e 12 5 10
e 5 12 11
e 33 52 10
e 52 33 11
e 25 24 10
e 24 25 11
e 15 3 10
e 3 15 11
e 53 5 10
e 5 53 11
e 33 34 10
e 34 33 11
e 8 6 1
e 11 17 9
e 2 27 4
e 53 50 10
e 50 53 11
e 5 33 10
e 33 5 11
e 24 27 10
e 27 24 11
e 25 52 10
e 52 25 11
e 7 8 10
e 8 7 11
e 25 27 10
e 27 25 11
e 21 20 9
e 0 12 10
e 12 0 11
e 12 24 10
e 24 12 11
e 41 39 1
e 24 50 10
e 50 24 11
e 53 34 10
e 34 53 11
e 0 22 10
e 22 0 11
e 25 34 10
e 34 25 11
e 38 20 10
e 20 38 11
e 7 38 10
e 38 7 11
e 15 5 10
e 5 15 11
e 50 8 10
e 8 50 11
e 12 34 10
e 34 12 11
e 0 24 10
e 24 0 11
e 27 41 10
e 41 27 11
e 38 5 10
e 5 38 11
e 7 53 10
e 53 7 11
e 41 36 10
e 36 41 11
e 33 20 10
e 20 33 11
e 38 8 10
e 8 38 11
e 15 27 10
e 27 15 11
e 44 25 10
e 25 44 11
e 33 3 10
e 3 33 11
e 24 8 10
e 8 24 11
e 49 33 10
e 33 49 11
e 0 41 10
e 41 0 11
e 29 36 10
e 36 29 11
e 12 27 10
e 27 12 11
e 8 36 10
e 36 8 11
e 53 49 10
e 49 53 11
e 38 12 10
e 12 38 11
e 54 17 10
e 17 54 11
e 44 43 1
e 38 53 10
e 53 38 11
e 50 41 10
e 41 50 11
e 44 34 10
e 34 44 11
e 15 34 10
e 34 15 11
e 8 34 10
e 34 8 11
e 29 25 10
e 25 29 11
e 53 8 10
e 8 53 11
e 25 22 10
e 22 25 11
e 49 29 10
e 29 49 11
e 37 5 4
e 25 41 10
e 41 25 11
e 24 41 10
e 41 24 11
e 52 34 10
e 34 52 11
e 53 12 10
e 12 53 11
e 0 5 10
e 5 0 11
e 3 41 10
e 41 3 11
e 20 41 10
e 41 20 11
e 53 25 10
e 25 53 11
e 53 29 10
e 29 53 11
e 29 41 10
e 41 29 11
e 5 27 10
e 27 5 11
e 41 34 10
e 34 41 11
e 38 27 10
e 27 38 11
e 49 25 10
e 25 49 11
e 29 3 10
e 3 29 11
e 0 7 10
e 7 0 11
e 8 22 10
e 22 8 11
e 12 22 10
e 22 12 11
e 48 25 9
e 0 52 10
e 52 0 11
e 15 25 10
e 25 15 11
e 39 36 9
e 8 41 10
e 41 8 11
e 15 12 10
e 12 15 11
e 27 36 10
e 36 27 11
e 44 49 10
e 49 44 11
e 15 52 10
e 52 15 11
e 49 41 10
e 41 49 11
e 46 36 9
e 38 22 10
e 22 38 11
e 9 7 9
e 52 27 10
e 27 52 11
e 7 33 10
e 33 7 11
e 52 36 10
e 36 52 11
e 0 49 10
e 49 0 11
e 38 49 10
e 49 38 11
e 46 44 9
e 52 50 10
e 50 52 11
e 49 3 10
e 3 49 11
e 5 50 10
e 50 5 11
e 29 8 10
e 8 29 11
e 15 29 10
e 29 15 11
e 29 33 10
e 33 29 11
e 4 25 10
e 25 4 11
e 37 25 4
e 5 52 10
e 52 5 11
e 44 50 10
e 50 44 11
e 7 50 10
e 50 7 11
e 15 50 10
e 50 15 11
e 5 8 10
e 8 5 11
e 50 27 10
e 27 50 11
e 23 33 9
e 20 34 10
e 34 20 11
e 4 34 10
e 34 4 11
e 44 20 10
e 20 44 11
e 38 37 1
e 5 3 10
e 3 5 11
e 44 3 10
e 3 44 11
e 42 53 9
e 25 36 10
e 36 25 11
e 43 7 4
e 33 8 10
e 8 33 11
e 49 27 10
e 27 49 11
e 27 20 10
e 20 27 11
e 4 12 10
e 12 4 11
e 24 33 10
e 33 24 11
e 10 5 9
e 27 34 10
e 34 27 11
e 12 52 10
e 52 12 11
e 4 49 10
e 49 4 11
e 32 17 9
e 0 15 10
e 15 0 11
e 44 8 10
e 8 44 11
e 0 33 10
e 33 0 11
e 44 53 10
e 53 44 11
e 3 20 10
e 20 3 11
e 44 12 10
e 12 44 11
e 29 34 10
e 34 29 11
e 50 3 10
e 3 50 11
e 12 25 10
e 25 12 11
e 53 36 10
e 36 53 11
e 0 20 10
e 20 0 11
e 5 25 10
e 25 5 11
e 50 45 1
e 5 36 10
e 36 5 11
e 53 51 1
e 15 14 1
e 13 17 10
e 17 13 11
e 54 13 10
e 13 54 11
e 17 28 10
e 28 17 11
e 7 20 10
e 20 7 11
e 38 29 10
e 29 38 11
e 38 33 10
e 33 38 11
e 0 9 1
e 38 25 10
e 25 38 11
e 45 8 9
e 37 52 4
e 49 48 1
e 37 22 4
e 7 4 10
e 4 7 11
e 3 27 10
e 27 3 11
e 15 41 10
e 41 15 11
e 48 29 9
e 36 34 10
e 34 36 11
e 44 0 10
e 0 44 11
e 53 15 10
e 15 53 11
e 6 3 9
e 49 5 10
e 5 49 11
e 12 33 10
e 33 12 11
e 37 36 4
e 50 20 10
e 20 50 11
e 44 22 10
e 22 44 11
e 32 54 9
e 44 15 10
e 15 44 11
e 22 36 10
e 36 22 11
e 15 20 10
e 20 15 11
e 7 27 10
e 27 7 11
e 51 49 9
e 12 36 10
e 36 12 11
e 7 3 10
e 3 7 11
e 12 10 1
e 17 16 1
e 15 36 10
e 36 15 11
e 53 27 10
e 27 53 11
e 38 52 10
e 52 38 11
e 27 26 1
e 4 50 10
e 50 4 11
e 7 12 10
e 12 7 11
e 52 41 10
e 41 52 11
e 49 20 10
e 20 49 11
e 43 4 4
e 4 36 10
e 36 4 11
e 38 41 10
e 41 38 11
e 7 15 10
e 15 7 11
e 13 28 10
e 28 13 11
e 19 8 9
e 44 29 10
e 29 44 11
e 38 15 10
e 15 38 11
e 50 34 10
e 34 50 11
e 3 34 10
e 34 3 11
e 38 24 10
e 24 38 11
e 5 24 10
e 24 5 11
e 33 41 10
e 41 33 11
e 13 11 1
e 53 20 10
e 20 53 11
e 4 3 10
e 3 4 11
e 7 41 10
e 41 7 11
e 8 27 10
e 27 8 11
e 36 35 1
e 4 20 10
e 20 4 11
e 33 36 10
e 36 33 11
e 53 24 10
e 24 53 11
e 44 52 10
e 52 44 11
e 22 41 10
e 41 22 11
e 0 53 10
e 53 0 11
e 0 34 10
e 34 0 11
e 22 20 10
e 20 22 11
e 33 22 10
e 22 33 11
e 54 13 2
e 12 20 10
e 20 12 11
e 49 50 10
e 50 49 11
e 2 41 4
e 52 8 10
e 8 52 11
e 33 30 1
e 25 8 10
e 8 25 11
e 50 22 10
e 22 50 11
e 24 23 1
e 33 50 10
e 50 33 11
e 54 28 2
e 38 3 10
e 3 38 11
e 8 3 10
e 3 8 11
e 49 36 10
e 36 49 11
e 25 50 10
e 50 25 11
e 7 36 10
e 36 7 11
e 22 34 10
e 34 22 11
e 4 52 10
e 52 4 11
e 15 22 10
e 22 15 11
e 29 20 10
e 20 29 11
e 7 29 10
e 29 7 11
e 26 22 9
e 5 20 10
e 20 5 11
e 53 3 10
e 3 53 11
e 5 29 10
e 29 5 11
e 54 17 2
e 49 12 10
e 12 49 11
e 4 38 10
e 38 4 11
e 44 5 10
e 5 44 11
e 53 33 10
e 33 53 11
e 7 49 10
e 49 7 11
e 31 53 9
e 44 7 10
e 7 44 11
e 7 25 10
e 25 7 11
e 12 8 10
e 8 12 11
e 44 41 10
e 41 44 11
e 38 50 10
e 50 38 11
e 25 33 10
e 33 25 11
e 7 24 10
e 24 7 11
e 33 27 10
e 27 33 11
e 7 52 10
e 52 7 11
e 15 33 10
e 33 15 11
e 12 29 10
e 29 12 11
e 53 41 10
e 41 53 11
e 3 36 10
e 36 3 11
e 0 8 10
e 8 0 11
e 0 27 10
e 27 0 11
e 44 36 10
e 36 44 11
e 4 15 10
e 15 4 11
e 14 12 9
-
t # 26 U 1
v 0 1
v 1 232
v 2 1
v 3 24
v 4 9
v 5 23
v 6 13
v 7 52
v 8 19
v 9 322
v 10 1
v 11 232
v 12 17
v 13 1
v 14 27
v 15 15
v 16 25
v 17 132
v 18 7
v 19 10
v 20 322
v 21 12
v 22 11
v 23 323
v 24 324
e 5 14 10
e 14 5 11
e 22 4 10
e 4 22 11
e 21 19 9
e 1 14 10
e 14 1 11
e 2 1 4
e 5 22 10
e 22 5 11
e 4 2 1
e 23 9 4
e 5 3 1
e 22 19 10
e 19 22 11
e 19 1 10
e 1 19 11
e 22 21 1
e 5 11 10
e 11 5 11
e 24 23 1
e 5 4 10
e 4 5 11
e 4 11 10
e 11 4 11
e 5 15 10
e 15 5 11
e 13 11 4
e 1 11 10
e 11 1 11
e 17 19 9
e 23 20 4
e 15 4 10
e 4 15 11
e 3 15 4
e 15 1 10
e 1 15 11
e 19 4 10
e 4 19 11
e 12 4 4
e 8 9 9
e 5 19 10
e 19 5 11
e 1 0 1
e 5 6 10
e 6 5 11
e 4 1 10
e 1 4 11
e 22 15 10
e 15 22 11
e 11 10 1
e 12 14 4
e 1 6 10
e 6 1 11
e 19 14 10
e 14 19 11
e 23 6 9
e 0 9 9
e 19 15 10
e 15 19 11
e 22 11 10
e 11 22 11
e 15 11 10
e 11 15 11
e 19 6 10
e 6 19 11
e 22 14 10
e 14 22 11
e 11 6 10
e 6 11 11
e 22 1 10
e 1 22 11
e 19 11 10
e 11 19 11
e 15 6 10
e 6 15 11
e 10 20 9
e 22 6 10
e 6 22 11
e 18 20 9
e 15 12 1
e 7 5 9
e 14 13 1
e 4 14 10
e 14 4 11
e 15 14 10
e 14 15 11
e 4 6 10
e 6 4 11
e 3 19 4
e 16 24 9
e 14 11 10
e 11 14 11
e 5 1 10
e 1 5 11
e 14 6 10
e 6 14 11
-
